%% Trajectory 71
%% frame x (pixel)     y (pixel)    z (pixel)      m0         m1           m2           m3           m4           s 
0 117.509987 144.082657 0.000000 2.534750 2.541993 7.910788 27.647404 104.640442 0.004221
1 114.507385 142.066299 0.000000 2.920600 2.565613 7.995736 27.834621 104.554390 0.002490
2 112.481865 140.353317 0.000000 3.053776 2.324296 6.672234 21.641251 76.549530 0.002587
3 113.822372 139.175278 0.000000 3.132729 2.445938 7.289346 24.290203 87.458641 0.002819
4 116.640823 138.470840 0.000000 3.038311 2.312579 6.579101 21.101166 73.702332 0.002299
5 116.357635 140.339722 0.000000 2.970761 2.428118 7.272394 24.608458 90.697960 0.002748
6 115.929291 139.425110 0.000000 2.867250 2.428100 7.262028 24.511393 90.056519 0.002774
7 112.927673 139.937286 0.000000 2.735979 2.428407 7.232275 24.211443 87.945869 0.002497
8 115.902588 139.936340 0.000000 2.785776 2.419965 7.245982 24.510859 90.193512 0.003774
9 118.229019 140.454269 0.000000 3.128752 2.411786 7.167639 24.055082 87.920547 0.002829
10 116.947090 143.686172 0.000000 3.112357 2.568085 8.046659 28.254017 107.260017 0.002466
11 117.306313 144.932999 0.000000 3.343794 2.459874 7.453049 25.444836 94.356750 0.002432
12 117.642616 141.483566 0.000000 3.121551 2.480286 7.508970 25.489079 93.691162 0.002818
13 117.553284 142.820557 0.000000 2.744098 2.461499 7.428606 25.202583 92.765709 0.002454
14 117.973167 145.080048 0.000000 2.901087 2.533559 7.874690 27.501640 103.993156 0.005050
15 116.010666 143.420990 0.000000 3.166552 2.619699 8.297156 29.280964 111.252632 0.003798
16 117.496170 144.448318 0.000000 3.096227 2.522029 7.758833 26.763796 99.952324 0.002979
17 115.577477 147.404190 0.000000 3.691547 2.628738 8.351648 29.510036 112.058640 0.002273
18 114.785446 147.445282 0.000000 3.848503 2.519176 7.711482 26.368376 97.325195 0.002366
19 115.183723 146.610199 0.000000 4.181231 2.442560 7.322978 24.714390 90.605408 0.002494
20 118.568047 145.841263 0.000000 4.240556 2.362828 6.841202 22.278973 78.877739 0.002101
21 118.319885 143.325180 0.000000 4.009348 2.433312 7.287886 24.616255 90.422134 0.002119
22 119.713837 142.499985 0.000000 3.697237 2.387797 7.022034 23.284172 84.022125 0.002348
23 121.041039 143.758896 0.000000 3.814598 2.469468 7.485305 25.533848 94.544945 0.002845
24 121.644325 142.672333 0.000000 3.541113 2.523163 7.725195 26.407293 97.407578 0.002802
25 121.222984 143.529404 0.000000 4.282132 2.424818 7.215634 24.165514 87.903915 0.002762
26 121.650940 141.924728 0.000000 4.295939 2.287473 6.409410 20.206039 69.380455 0.002618
27 121.490135 140.514771 0.000000 4.255443 2.277085 6.378678 20.173761 69.701401 0.002786
28 123.811142 139.129562 0.000000 4.693311 2.332387 6.629001 21.093754 72.733345 0.002696
29 124.497681 140.133011 0.000000 5.153154 2.295346 6.490955 20.723770 72.176918 0.003004
30 123.225197 140.221481 0.000000 5.435256 2.215832 6.071449 18.811390 63.662254 0.002770
31 122.326256 142.478058 0.000000 5.426595 2.228889 6.144970 19.166584 65.343987 0.002422
32 123.379448 145.426224 0.000000 5.643532 2.330816 6.759257 22.251234 80.073738 0.002445
33 123.852936 142.855408 0.000000 5.664453 2.288353 6.437934 20.398811 70.359245 0.002451
34 124.363243 146.626816 0.000000 6.042805 2.244553 6.264272 19.854357 68.929115 0.002392
35 124.539505 147.732803 0.000000 6.248609 2.236687 6.205979 19.533268 67.343819 0.002445
36 126.395355 148.569427 0.000000 5.652140 2.212953 6.084857 19.009806 65.162621 0.002169
37 127.494682 144.315521 0.000000 6.084337 2.236420 6.177711 19.300920 65.912674 0.002801
38 126.181694 145.387650 0.000000 5.819155 2.240343 6.254789 19.867212 69.220337 0.002809
39 128.309174 142.857346 0.000000 6.014685 2.222538 6.123386 19.119946 65.342178 0.002755
40 129.588058 143.719101 0.000000 6.333251 2.241117 6.217434 19.534510 67.128380 0.002899
41 129.372116 143.793030 0.000000 6.162478 2.257242 6.327531 20.130857 70.128761 0.002857
42 132.603424 143.568359 0.000000 5.819629 2.208930 6.013378 18.481441 62.036125 0.002309
43 131.880768 144.491196 0.000000 6.025167 2.255094 6.249483 19.503569 66.297455 0.002825
44 129.820938 146.735672 0.000000 5.567937 2.226340 6.076596 18.641661 62.209358 0.002155
45 128.113403 146.241440 0.000000 5.427245 2.277850 6.420693 20.486696 71.417580 0.003059
46 127.184784 144.737122 0.000000 4.966331 2.282224 6.464360 20.794428 73.303551 0.002104
47 125.925133 145.205139 0.000000 4.535904 2.323533 6.716450 22.084522 79.593498 0.002760
48 127.336472 144.607574 0.000000 4.334728 2.293555 6.502194 20.871063 73.260315 0.002342
49 126.528664 144.641205 0.000000 4.290617 2.349469 6.813171 22.318266 79.691391 0.002710
50 124.493408 143.428268 0.000000 3.913949 2.402205 7.115219 23.804064 86.762192 0.002812
51 123.103226 141.430267 0.000000 3.210755 2.437016 7.266636 24.357437 88.686699 0.003783
52 120.276978 142.379379 0.000000 3.183545 2.394345 7.078152 23.658607 86.237175 0.004857
53 121.238625 143.716522 0.000000 3.288690 2.509780 7.683075 26.363623 97.924599 0.002885
54 122.441315 141.635254 0.000000 3.445611 2.345978 6.705914 21.478411 74.616837 0.002927
55 122.714218 141.648972 0.000000 2.709514 2.548540 7.856857 26.985060 99.864098 0.002738
56 126.035316 140.571304 0.000000 2.672288 2.529572 7.822048 27.124512 101.762405 0.003137
57 125.355537 139.371506 0.000000 2.587902 2.438714 7.278712 24.396080 88.692673 0.002859
58 123.469406 141.641296 0.000000 2.247766 2.482791 7.469055 25.053545 90.641762 0.004295
59 124.653061 141.122528 0.000000 2.539746 2.454653 7.382942 24.953024 91.473747 0.002889
60 124.621635 138.479446 0.000000 2.760047 2.573770 7.997082 27.651037 102.879333 0.004627
61 124.986771 134.783325 0.000000 2.651031 2.552748 7.959499 27.800234 104.881645 0.004264
62 124.063271 139.993622 0.000000 2.730128 2.381112 6.956671 22.915268 82.229553 0.002904
63 125.692177 136.311935 0.000000 3.083711 2.540936 7.868994 27.244522 101.800591 0.004225
64 125.655914 135.166321 0.000000 2.432201 2.556615 7.944797 27.575367 103.259285 0.003396
65 125.730339 133.719162 0.000000 2.563685 2.659342 8.550255 30.593706 117.663231 0.003665
66 126.432976 130.599884 0.000000 2.186102 2.532397 7.778474 26.723877 99.290489 0.004287
67 128.290649 134.166397 0.000000 2.322087 2.597562 8.134545 28.319326 106.020485 0.003685
68 130.180038 133.640106 0.000000 2.720134 2.540957 7.843432 27.075495 100.991707 0.002270
69 129.597595 134.030182 0.000000 2.581918 2.522515 7.775289 26.859806 100.339890 0.003064
70 130.245377 131.640152 0.000000 2.744976 2.643669 8.434223 29.920820 114.090302 0.003114
71 129.399612 135.726196 0.000000 2.868490 2.539197 7.815662 26.853292 99.566498 0.003702
72 131.563828 137.446915 0.000000 3.055351 2.603678 8.204405 28.786053 108.676826 0.002618
73 131.274658 136.441559 0.000000 3.300649 2.439985 7.314732 24.705994 90.744118 0.003319
74 131.644394 138.472565 0.000000 3.222156 2.574855 8.049891 28.082579 105.584503 0.002674
75 131.237686 137.833557 0.000000 3.056270 2.516276 7.692387 26.280846 97.014084 0.003164
76 131.612991 138.575729 0.000000 2.862112 2.660416 8.556426 30.601452 117.557129 0.002816
77 133.945892 140.118484 0.000000 2.941404 2.432551 7.330406 25.018192 93.096100 0.002558
78 133.218002 138.634964 0.000000 2.888851 2.572262 8.035170 28.028435 105.431976 0.002574
79 136.182022 140.508728 0.000000 2.578104 2.615075 8.280097 29.217800 111.017616 0.003945
80 135.120758 141.265198 0.000000 2.718931 2.492054 7.565210 25.721466 94.634941 0.002349
81 133.528885 142.313995 0.000000 2.729565 2.279932 6.414055 20.431437 71.259354 0.002837
82 133.212326 141.088516 0.000000 2.925596 2.483371 7.579584 26.055826 97.263489 0.002150
83 133.587250 143.070633 0.000000 2.594433 2.382469 6.947010 22.791008 81.360756 0.002825
84 133.205643 141.429153 0.000000 2.683223 2.408060 7.099438 23.522692 84.637573 0.002043
85 131.222046 143.024750 0.000000 2.774760 2.561499 7.998387 27.995413 106.024223 0.003455
86 130.260727 142.991150 0.000000 2.002091 2.450093 7.387621 25.117968 92.886551 0.006092
87 129.497574 143.564209 0.000000 1.901032 2.633242 8.345673 29.368248 111.027733 0.003542
88 130.147537 144.236664 0.000000 1.807955 2.693730 8.780420 31.851042 124.107094 0.003092
89 129.613876 145.628586 0.000000 1.991145 2.650140 8.446907 29.883293 113.513435 0.006775
90 130.579468 147.146805 0.000000 1.924031 2.553491 7.927255 27.510544 103.100952 0.007540
91 131.231934 148.276245 0.000000 1.775313 2.649409 8.545228 30.779833 119.378784 0.006160
92 129.330978 148.138809 0.000000 1.920739 2.535684 7.786533 26.682543 98.690163 0.008718
93 129.730316 148.528076 0.000000 1.745990 2.617517 8.211177 28.558594 106.635490 0.009678
94 126.613075 148.990250 0.000000 1.599349 2.714350 8.909117 32.471367 126.850891 0.006205
95 124.897141 152.322464 0.000000 1.922891 3.115985 11.129247 42.966011 174.804535 0.002304
97 124.429489 150.711975 0.000000 2.426647 2.808816 9.390195 34.567360 135.687683 0.002627
98 128.326767 148.994598 0.000000 1.565339 2.694176 8.794466 31.912457 124.231964 0.012759
99 128.215622 148.399551 0.000000 1.531859 2.504379 7.612482 25.897829 95.390480 0.004963
100 127.284920 150.055237 0.000000 1.642398 2.896335 9.936504 37.428833 149.957108 0.006423
101 127.356926 149.001984 0.000000 1.469113 2.707775 8.864604 32.257854 125.926292 0.006317
102 125.920677 149.090683 0.000000 1.218800 2.553318 8.080470 28.910847 112.317421 0.004742
103 122.205444 149.516434 0.000000 1.542179 2.703540 8.892369 32.613468 128.506393 0.010500
104 122.424698 148.703583 0.000000 1.521201 2.797081 9.360705 34.618629 136.830078 0.005794
105 124.032974 148.727646 0.000000 1.271348 2.668303 8.650927 31.315321 122.038879 0.008507
106 125.508476 145.685654 0.000000 0.961046 2.592979 8.346674 30.247486 118.444344 0.012547
107 126.042297 145.732971 0.000000 1.230815 2.579644 8.117783 28.593023 108.733772 0.009005
108 124.170280 147.136658 0.000000 1.447471 2.759434 9.143032 33.554409 131.843475 0.008596
109 123.250023 147.698212 0.000000 1.158530 2.625878 8.480982 30.756872 120.510468 0.013051
110 125.154907 145.341415 0.000000 0.857066 2.444726 7.449160 25.728994 96.782288 0.012666
111 118.232224 146.559128 0.000000 0.919666 2.919653 10.350872 40.564899 169.069122 0.002253
113 126.083450 147.393143 0.000000 1.123878 2.699357 9.021405 33.764763 135.751678 0.010660
114 131.004227 146.765869 0.000000 1.120628 2.694281 8.792169 31.873753 123.867851 0.007428
115 128.853027 148.379837 0.000000 1.118114 2.823881 9.612216 36.128536 144.721725 0.010080
116 129.164597 148.354919 0.000000 1.068836 2.568891 8.078673 28.554070 109.354904 0.010570
117 125.703789 148.596619 0.000000 1.338249 2.719847 8.981951 32.983734 129.884857 0.006653
118 124.791672 147.090881 0.000000 1.108558 2.698103 8.916438 32.953876 131.034485 0.015967
119 123.296707 145.369522 0.000000 1.217484 2.913388 10.063625 38.135666 153.556976 0.002252
120 126.084381 146.316864 0.000000 0.881728 2.560072 8.095124 28.877436 111.790070 0.013584
121 127.064285 145.735489 0.000000 0.974140 2.415604 7.174973 24.089628 88.256432 0.012588
123 130.511093 144.941437 0.000000 0.980027 2.911869 10.028517 37.932674 152.626541 0.004513
125 144.545944 146.292694 0.000000 1.623240 2.135590 5.547419 16.106815 50.754059 0.008349
126 144.422791 146.182846 0.000000 1.618250 2.086074 5.348677 15.445786 48.745468 0.004912
127 144.678833 146.111832 0.000000 1.618898 2.100319 5.371319 15.363352 47.758556 0.005149
128 144.391068 146.170258 0.000000 1.699680 2.039745 5.082639 14.170909 42.908184 0.002389
129 144.601074 146.024445 0.000000 1.678722 2.101830 5.365476 15.264447 46.965572 0.002551
130 144.442520 146.001968 0.000000 1.486807 2.024989 4.991406 13.716526 40.778286 0.002965
131 144.828644 146.197632 0.000000 1.455482 2.063189 5.235672 14.978782 46.885372 0.003034
132 144.582794 146.202454 0.000000 1.460282 1.933238 4.595977 12.272619 35.749950 0.002421
133 144.723602 146.031967 0.000000 1.525491 2.108242 5.509670 16.404264 54.002396 0.003797
134 144.719818 146.095413 0.000000 1.490010 2.077275 5.316255 15.423461 49.352776 0.004696
135 144.831528 145.918976 0.000000 1.439771 2.060214 5.156773 14.387991 43.448963 0.004618
136 144.456680 146.147568 0.000000 1.544344 2.039079 5.016241 13.667583 40.067062 0.003195
137 144.652161 146.140244 0.000000 1.496797 2.118978 5.575460 16.748810 55.769230 0.007406
138 144.528183 146.089569 0.000000 1.636769 2.091345 5.359316 15.445775 48.632389 0.004156
139 144.673569 146.023209 0.000000 1.582117 2.011149 4.945815 13.620144 40.791466 0.002467
140 144.623611 146.071503 0.000000 1.500879 2.054280 5.189611 14.785246 46.129040 0.002645
141 144.691010 145.891479 0.000000 1.362928 1.998933 4.889133 13.371466 39.684704 0.002775
142 144.821365 146.325623 0.000000 1.366430 2.094537 5.415332 15.862264 51.087940 0.002695
143 144.525223 146.206635 0.000000 1.265112 1.975567 4.865895 13.690959 42.784660 0.004283
144 144.507599 145.932480 0.000000 1.375599 2.013859 4.963754 13.741115 41.579929 0.002754
145 144.662247 146.109940 0.000000 1.520671 2.066017 5.213279 14.694089 44.862186 0.004554
146 144.475266 146.259979 0.000000 1.475841 2.058183 5.142718 14.347478 43.494209 0.004363
147 144.781555 146.081207 0.000000 1.332699 2.073187 5.328922 15.494680 49.334808 0.003494
148 144.481339 146.163254 0.000000 1.432907 2.015996 4.985911 13.846315 41.948452 0.004403
149 144.600220 146.111664 0.000000 1.443043 2.092189 5.442632 16.135088 52.873001 0.002655
150 144.492386 146.444260 0.000000 1.460106 1.989819 4.831728 13.126597 38.824963 0.003180
151 144.658844 145.974808 0.000000 1.362704 2.009948 4.938766 13.564661 40.425865 0.002313
152 144.609085 146.038208 0.000000 1.436860 2.000484 4.926515 13.676570 41.594971 0.002268
153 144.801041 145.932480 0.000000 1.428167 2.100760 5.417247 15.702909 49.578053 0.005882
154 144.604431 146.241043 0.000000 1.316653 1.999677 4.895014 13.422652 40.051422 0.002940
155 144.669708 145.764160 0.000000 1.443454 1.935119 4.562643 11.987518 34.132759 0.002924
156 144.737122 146.143097 0.000000 1.557749 2.063632 5.261125 15.219370 48.562809 0.003405
157 144.565659 145.949997 0.000000 1.398696 2.060616 5.216419 14.838623 45.973751 0.002436
158 144.752823 146.298416 0.000000 1.331206 2.070279 5.258692 15.091594 47.632336 0.004753
159 144.410324 146.414200 0.000000 1.441170 2.060867 5.191623 14.694259 45.438725 0.003484
160 144.595001 146.096100 0.000000 1.479031 2.006151 4.953586 13.795030 42.105118 0.003664
161 144.717484 146.153152 0.000000 1.342295 1.943742 4.636137 12.403891 36.167698 0.002434
162 144.652527 145.977127 0.000000 1.407488 2.048228 5.119779 14.323829 43.571289 0.004103
163 144.576736 146.173294 0.000000 1.583722 2.156489 5.684371 16.852104 54.563015 0.004462
164 144.406525 146.201279 0.000000 1.245880 1.988752 4.868331 13.441554 40.618126 0.003860
165 144.265320 146.218369 0.000000 1.309908 1.995177 4.891192 13.500245 40.790852 0.002948
166 144.322693 146.350494 0.000000 1.505351 2.014006 5.012046 14.118568 43.726578 0.006245
167 144.117798 146.485046 0.000000 1.289022 2.066223 5.265533 15.198428 48.265118 0.004147
168 144.525101 146.216141 0.000000 1.441149 2.070184 5.229158 14.799748 45.614182 0.003015
169 144.120377 146.162582 0.000000 1.291194 2.051062 5.190664 14.852640 46.627918 0.003816
170 143.970215 146.206680 0.000000 1.385707 2.158951 5.834548 18.067467 61.940250 0.002624
171 143.973831 145.506073 0.000000 2.355113 2.407252 7.104649 23.584208 85.027229 0.006584
172 143.822266 145.847061 0.000000 2.630121 2.392844 6.929018 22.336872 77.611977 0.002377
173 144.190872 146.912415 0.000000 2.782273 2.475601 7.444481 25.062098 91.349037 0.002369
174 144.317581 147.014847 0.000000 2.572633 2.522002 7.771725 26.833960 100.197159 0.005626
175 144.612885 146.688828 0.000000 1.992176 2.261670 6.346916 20.284546 71.387299 0.002816
176 144.941269 147.508835 0.000000 2.620932 2.782302 9.273998 34.178711 134.679367 0.003664
177 144.566635 147.448700 0.000000 2.354745 2.792090 9.331474 34.425018 135.611328 0.005380
178 145.023880 147.531296 0.000000 2.364449 2.797135 9.367368 34.656471 136.991714 0.003112
179 144.742310 146.395309 0.000000 1.638252 2.270419 6.449775 21.027451 75.935898 0.004394
180 144.512833 146.274689 0.000000 1.581076 2.208681 5.985335 18.312626 61.389969 0.008025
181 144.646149 146.161926 0.000000 1.523050 2.114842 5.541270 16.529354 54.454956 0.003464
182 144.202271 146.241608 0.000000 1.517377 2.154433 5.666553 16.700993 53.454880 0.003569
183 144.593521 145.991104 0.000000 1.476492 2.220330 6.059516 18.682234 63.044537 0.003107
184 144.651871 146.269867 0.000000 1.573638 2.146490 5.660503 16.884499 55.373466 0.002846
185 144.214661 146.445801 0.000000 1.419465 2.072662 5.280586 15.215951 48.246914 0.003251
186 144.416565 146.394089 0.000000 1.502629 2.121774 5.543388 16.417988 53.564472 0.005961
187 144.476151 146.101883 0.000000 1.517138 2.062858 5.206551 14.743587 45.480923 0.004175
188 144.570358 146.235397 0.000000 1.506782 2.175421 5.806935 17.504114 57.863556 0.004294
189 144.854782 146.338196 0.000000 1.502415 2.198060 5.991128 18.612103 63.848557 0.003995
190 144.632935 145.934296 0.000000 1.505517 2.068072 5.188114 14.502577 43.893810 0.003928
191 144.514938 146.168045 0.000000 1.542440 2.044022 5.062479 13.971694 41.829800 0.002578
192 144.740845 146.162399 0.000000 1.539176 2.134946 5.634022 16.889053 55.794285 0.002764
193 144.450668 146.036362 0.000000 1.449614 2.025556 5.061160 14.294936 44.327839 0.003082
194 144.369919 146.061050 0.000000 1.632798 2.140409 5.603561 16.460264 52.548283 0.006543
195 144.604370 145.963898 0.000000 1.520662 2.071297 5.288272 15.237774 48.089748 0.005456
196 144.484558 146.047089 0.000000 1.522076 2.131740 5.549788 16.193983 51.388248 0.003738
197 144.568237 146.034348 0.000000 1.366987 2.092629 5.332486 15.166736 46.703762 0.003136
198 144.357071 146.099777 0.000000 1.544675 2.066496 5.230566 14.849721 45.864212 0.002423
199 144.693146 146.018921 0.000000 1.463384 2.055251 5.136312 14.329836 43.344795 0.004771
200 144.469345 146.042236 0.000000 1.467011 2.026778 5.039116 14.073647 42.890003 0.003446
201 144.455139 146.195038 0.000000 1.489598 2.071343 5.261821 15.055166 47.150276 0.006284
202 144.525650 146.226837 0.000000 1.592201 2.045842 5.115283 14.349968 43.902363 0.003492
203 144.751373 145.904510 0.000000 1.454210 2.135977 5.599849 16.547461 53.474895 0.004168
204 144.686096 145.999741 0.000000 1.484209 2.073519 5.299099 15.313672 48.596039 0.003188
