%% Trajectory 233
%% frame x (pixel)     y (pixel)    z (pixel)      m0         m1           m2           m3           m4           s 
0 523.398499 305.032959 0.000000 1.482702 2.823937 9.548521 35.651218 142.089188 0.002593
1 523.243103 307.540894 0.000000 1.522693 2.682100 8.666994 31.128826 120.133759 0.010649
2 524.425598 306.796204 0.000000 1.676880 2.686700 8.651904 30.855965 117.955696 0.012398
3 523.702637 304.535004 0.000000 2.049684 2.646563 8.391091 29.460854 110.897751 0.008955
4 523.218506 303.418304 0.000000 2.172166 2.784322 9.273051 34.136459 134.364044 0.004363
5 523.499634 304.577118 0.000000 1.968564 2.574533 8.060541 28.189957 106.324547 0.005662
6 521.996765 304.004364 0.000000 2.139399 2.692548 8.743283 31.525564 121.950699 0.003261
7 521.351562 302.522461 0.000000 1.883923 2.667253 8.561216 30.487053 116.510002 0.004381
8 524.461670 304.961365 0.000000 1.559681 2.439556 7.244917 24.109516 86.941200 0.005051
9 521.426819 306.222351 0.000000 1.631978 2.966156 10.249657 38.590496 153.913040 0.003769
10 519.331177 307.129913 0.000000 1.493896 2.752625 8.994137 32.364098 124.367416 0.009868
11 519.371643 308.314819 0.000000 1.676858 2.778024 9.296963 34.455605 136.559189 0.004435
12 519.297241 306.324493 0.000000 1.707644 2.939746 10.132279 38.163197 152.513336 0.006146
13 519.312744 307.014893 0.000000 1.526057 2.741861 9.035611 33.011429 129.238632 0.006677
14 519.154236 304.956635 0.000000 1.776906 2.863644 9.737300 36.398540 144.882767 0.007337
15 519.492798 308.948212 0.000000 1.545964 2.771576 9.227777 33.984684 133.810776 0.006340
16 518.371033 312.152679 0.000000 2.001028 2.882705 9.836690 36.800415 146.284409 0.003258
17 520.198792 313.715118 0.000000 2.072325 2.747933 9.049821 32.962482 128.413315 0.004086
18 517.481323 313.325439 0.000000 2.355666 2.884217 9.757147 36.115944 142.039139 0.003249
19 516.758850 310.721741 0.000000 2.117403 2.991236 10.397056 39.316582 157.344116 0.002499
20 516.551025 307.069763 0.000000 1.722390 2.817857 9.427876 34.726055 136.422455 0.004091
21 517.980469 309.665466 0.000000 2.146347 2.860568 9.652130 35.737801 140.868011 0.002199
22 518.571350 306.685760 0.000000 1.973698 2.697315 8.704110 31.072487 118.795418 0.003291
23 521.354370 304.521423 0.000000 2.266372 2.771320 9.140720 33.237255 129.075119 0.006520
24 521.751953 305.087708 0.000000 2.279655 2.651721 8.500642 30.346014 116.545746 0.009577
25 523.633789 305.364990 0.000000 2.243097 2.766352 9.100458 33.013191 127.972054 0.005106
26 523.719421 307.976868 0.000000 1.832397 2.591131 8.081116 28.034214 104.724541 0.006162
27 524.043274 305.671814 0.000000 1.914683 2.652489 8.491818 30.261381 116.010750 0.005137
28 524.492126 306.631439 0.000000 1.745478 2.509249 7.589595 25.585144 93.115189 0.006071
29 527.414673 306.107941 0.000000 1.482513 2.341527 6.718565 21.682808 76.113205 0.004674
30 527.605042 303.760773 0.000000 1.620597 2.319044 6.547533 20.692039 70.885078 0.007433
31 528.925537 305.340576 0.000000 1.573095 2.481699 7.550617 25.855198 96.113602 0.005815
32 533.012329 304.326263 0.000000 2.127573 2.348296 6.852318 22.706152 82.349869 0.003357
33 532.989746 304.004089 0.000000 1.742180 2.357457 6.956930 23.394579 86.172699 0.005178
34 533.179810 303.364777 0.000000 1.692109 2.230893 6.126147 18.997593 64.379845 0.006037
35 534.298523 301.838074 0.000000 2.275024 2.414268 7.045589 22.901913 80.302597 0.003542
36 533.971252 302.780701 0.000000 2.067665 2.423181 7.146634 23.585688 84.202530 0.003892
37 533.095459 302.923676 0.000000 1.987625 2.309225 6.592152 21.268642 74.819313 0.004970
38 532.704590 303.724976 0.000000 2.040494 2.361401 6.872012 22.583128 80.897987 0.004488
39 532.582397 302.403748 0.000000 2.172324 2.365441 6.883649 22.567863 80.475716 0.005362
40 531.415833 302.671265 0.000000 2.335507 2.407587 7.063510 23.212574 82.625633 0.002968
41 530.619873 300.150024 0.000000 2.498416 2.505039 7.613998 25.845236 94.728302 0.002861
42 527.456848 303.457611 0.000000 2.423363 2.354614 6.742082 21.600399 74.967766 0.002314
43 525.800903 304.917206 0.000000 2.308421 2.410061 7.162830 23.982685 87.220985 0.003956
44 526.818054 304.791626 0.000000 2.449696 2.508399 7.677132 26.305601 97.427528 0.002584
45 525.129395 304.316559 0.000000 2.815498 2.511503 7.708535 26.541851 98.963341 0.002300
46 527.481995 305.502777 0.000000 2.171579 2.408272 7.045415 23.065023 81.803192 0.003129
47 527.511597 307.807129 0.000000 2.299203 2.444859 7.314947 24.592371 89.729622 0.004658
48 528.261353 308.247711 0.000000 2.057660 2.445997 7.299025 24.421391 88.555595 0.005629
49 530.939514 306.791656 0.000000 2.336974 2.441590 7.271517 24.249376 87.489288 0.002834
50 529.251648 307.287567 0.000000 2.354575 2.502402 7.593114 25.738462 94.249840 0.004781
51 530.222839 306.059387 0.000000 2.301213 2.423049 7.180737 23.908997 86.435928 0.003655
52 529.850159 305.588776 0.000000 2.430922 2.359933 6.744891 21.484800 73.886879 0.002486
53 527.959473 302.458649 0.000000 2.757863 2.467395 7.374346 24.579500 88.398521 0.002937
54 531.258362 305.240845 0.000000 2.535827 2.348108 6.764748 21.939301 77.387375 0.003061
55 527.907410 304.321045 0.000000 2.810994 2.370277 6.904200 22.658243 80.916939 0.002551
56 529.546936 304.317566 0.000000 2.662623 2.417438 7.123858 23.535179 84.305321 0.002221
57 530.708801 304.129028 0.000000 2.858706 2.384616 6.949534 22.765543 81.066544 0.002858
58 532.600525 302.979797 0.000000 2.773030 2.322750 6.683937 21.822271 78.020874 0.002614
59 532.106812 303.123108 0.000000 2.743235 2.279320 6.400569 20.268770 69.926018 0.005052
60 526.544861 306.100983 0.000000 2.582951 2.340182 6.684512 21.445526 74.812714 0.002943
61 527.603333 304.751709 0.000000 2.382880 2.407516 7.075716 23.297758 83.059822 0.004316
62 528.232178 303.452209 0.000000 2.438431 2.434660 7.194730 23.754034 84.765083 0.004605
63 530.079773 304.476959 0.000000 2.748602 2.299493 6.511089 20.793146 72.355919 0.003945
64 527.066162 307.178040 0.000000 2.410856 2.427206 7.232830 24.239635 88.177002 0.002998
65 529.416809 308.303467 0.000000 2.527069 2.356595 6.776591 21.858492 76.544029 0.002546
66 529.559814 309.879730 0.000000 2.784293 2.405708 7.029462 22.981337 81.372147 0.002532
67 530.056885 310.478271 0.000000 2.845444 2.380840 6.893953 22.300861 77.953888 0.002146
68 531.617310 309.492676 0.000000 2.556186 2.378572 6.941896 22.807377 81.496323 0.002133
69 529.787170 309.012512 0.000000 2.326473 2.474196 7.494141 25.528318 94.419365 0.005506
70 526.667725 308.920258 0.000000 2.288386 2.478630 7.478165 25.241743 92.128792 0.004306
71 527.230347 309.145264 0.000000 2.045132 2.277434 6.412601 20.417196 70.974983 0.003936
72 529.035095 306.780365 0.000000 1.939604 2.363533 6.877969 22.556606 80.498917 0.004286
73 529.891846 307.470093 0.000000 2.190089 2.204225 5.949693 18.068853 59.831593 0.003645
74 528.828064 307.363007 0.000000 2.639071 2.487000 7.478542 25.059004 90.539879 0.002700
75 527.284058 308.164642 0.000000 2.623920 2.334571 6.661007 21.339184 74.269852 0.002160
76 526.145813 308.935272 0.000000 2.759089 2.349929 6.779331 22.020546 77.797813 0.002841
77 526.410828 307.098633 0.000000 2.503988 2.432724 7.191427 23.786272 85.148796 0.003638
78 527.480286 309.615967 0.000000 2.827637 2.333709 6.670491 21.434599 74.865623 0.002252
79 527.835632 312.651703 0.000000 3.687548 2.432736 7.180695 23.671598 84.322327 0.003219
80 529.304749 309.547394 0.000000 3.330991 2.314572 6.530080 20.647617 70.838966 0.002227
81 530.503540 309.980774 0.000000 3.711023 2.356481 6.768812 21.794035 76.108887 0.002833
82 529.494385 311.390991 0.000000 3.478746 2.382832 6.892160 22.276556 77.888908 0.002137
83 526.887390 310.445038 0.000000 3.471652 2.392445 6.975458 22.776159 80.538002 0.002849
84 527.925903 310.741821 0.000000 3.754273 2.365548 6.850206 22.284655 78.726784 0.002127
85 530.503174 311.773132 0.000000 4.041209 2.392874 6.959662 22.641739 79.746010 0.002793
86 531.310486 313.756836 0.000000 4.347723 2.427030 7.156709 23.562990 83.783066 0.002304
87 531.514587 315.542419 0.000000 4.203219 2.410307 7.081624 23.287352 82.870232 0.002530
88 529.415283 316.873535 0.000000 4.027203 2.407144 7.030766 22.926237 80.776375 0.002144
89 528.780029 316.359863 0.000000 4.240265 2.430447 7.169389 23.619289 84.094910 0.002747
90 527.302124 316.690247 0.000000 4.079389 2.395272 6.968658 22.657558 79.668350 0.002519
91 527.480530 316.940247 0.000000 3.941937 2.377494 6.868751 22.179512 77.483398 0.002786
92 525.249878 317.438324 0.000000 4.299032 2.437275 7.225795 23.954168 85.850601 0.003095
93 524.077393 316.610931 0.000000 4.232491 2.433713 7.222961 24.015924 86.456352 0.002072
94 523.561279 313.822784 0.000000 4.132783 2.364949 6.767874 21.583675 74.308510 0.002545
95 525.410767 311.906555 0.000000 4.080097 2.306063 6.531176 20.839838 72.447136 0.002304
96 524.453613 310.632050 0.000000 4.249177 2.405011 7.049735 23.155792 82.429901 0.002646
97 524.282959 313.328339 0.000000 4.761170 2.416969 7.077633 23.119360 81.535126 0.002629
98 523.913574 314.169708 0.000000 4.354491 2.451529 7.341491 24.625784 89.326477 0.003224
99 522.167542 317.309601 0.000000 4.654307 2.545707 7.828562 26.799536 98.791931 0.002369
100 521.505737 314.452881 0.000000 4.344221 2.417219 7.101231 23.303242 82.618637 0.002457
101 520.310913 314.567322 0.000000 4.198388 2.523286 7.681592 25.989780 94.550003 0.002475
102 521.662048 318.418549 0.000000 4.115517 2.651320 8.467012 30.028271 114.362930 0.002274
103 521.582092 319.311188 0.000000 3.877640 2.618539 8.241221 28.794968 108.095627 0.002237
104 520.966431 316.912506 0.000000 4.081565 2.545518 7.827293 26.781996 98.635803 0.002667
105 519.988403 316.135284 0.000000 4.155156 2.520720 7.716384 26.384922 97.394768 0.002427
106 520.045349 317.777771 0.000000 4.387150 2.600815 8.137023 28.249031 105.304329 0.002801
107 517.450867 319.127563 0.000000 4.230657 2.552490 7.892248 27.220013 101.228165 0.002421
108 517.427917 320.283234 0.000000 4.067222 2.544659 7.790175 26.477205 96.734779 0.002793
109 517.633423 318.582764 0.000000 4.260576 2.564965 7.931876 27.283550 101.003822 0.002294
110 516.740906 320.353760 0.000000 3.999613 2.516536 7.671033 26.065166 95.471405 0.002818
111 514.910339 323.593170 0.000000 3.738214 2.598839 8.165620 28.579443 107.703064 0.002497
112 515.128418 323.820618 0.000000 3.817592 2.536427 7.795785 26.722727 98.768562 0.003497
113 515.179443 323.977753 0.000000 3.860269 2.605000 8.189822 28.646748 107.783295 0.003682
114 512.562317 324.314392 0.000000 4.169501 2.586475 8.034834 27.687252 102.454391 0.002784
115 512.140625 324.817474 0.000000 3.862866 2.603221 8.136842 28.189157 104.771210 0.002438
116 514.316284 325.993713 0.000000 3.561708 2.528882 7.794415 26.888901 100.230629 0.002786
117 514.206665 325.273041 0.000000 3.336288 2.614533 8.261009 29.054342 109.940331 0.002950
118 514.248901 327.087463 0.000000 3.229298 2.680772 8.615710 30.688498 117.229515 0.003829
119 517.086365 328.261688 0.000000 2.714312 2.820840 9.550805 35.753635 142.957214 0.002129
120 515.778870 329.276794 0.000000 2.998175 2.815638 9.494864 35.373558 140.749939 0.003090
121 517.332397 331.709625 0.000000 3.129391 2.738087 9.028594 33.028015 129.484116 0.002740
122 520.296753 332.858185 0.000000 3.758301 2.679456 8.656816 31.038055 119.356216 0.002611
123 519.421509 333.650574 0.000000 3.746243 2.680057 8.633875 30.843693 118.170662 0.002454
124 519.652954 333.297119 0.000000 4.128259 2.718040 8.855807 31.919725 123.133568 0.003060
125 518.287842 332.547180 0.000000 3.741089 2.692915 8.748596 31.567865 122.225525 0.002119
126 518.557434 332.353607 0.000000 3.960788 2.719091 8.876476 32.106060 124.429008 0.002576
127 515.871765 328.642670 0.000000 3.099334 2.757195 9.136255 33.512608 131.508957 0.002400
128 516.076294 329.529663 0.000000 2.963899 2.824389 9.565166 35.778671 142.839188 0.002388
129 515.680725 329.487823 0.000000 2.877572 2.778857 9.296710 34.476646 136.857056 0.002305
130 514.691895 330.447723 0.000000 2.785657 2.808735 9.488269 35.464069 141.641708 0.003044
131 513.209961 330.343994 0.000000 2.800105 2.803718 9.382824 34.627426 136.396332 0.002677
132 514.381653 332.287262 0.000000 2.693145 2.957512 10.307030 39.299461 158.947495 0.002431
134 518.490906 332.919037 0.000000 3.038413 2.908836 10.010739 37.792439 151.647934 0.002269
135 515.736389 334.198242 0.000000 2.193168 2.965781 10.318693 39.214817 157.995483 0.004095
136 514.593140 335.013062 0.000000 2.131845 2.896172 9.999064 37.957867 153.261673 0.004180
139 516.697021 334.412781 0.000000 2.876947 2.877130 9.760648 36.285412 143.395416 0.002414
140 516.648682 333.477142 0.000000 2.567620 2.879416 9.816935 36.740486 146.259262 0.002847
141 518.319153 334.250336 0.000000 2.732981 2.791600 9.294431 34.135551 133.866394 0.002701
142 519.344116 333.570496 0.000000 2.775918 2.914372 10.040298 37.926548 152.239716 0.002945
143 519.663757 333.569031 0.000000 2.285097 2.872044 9.850722 37.226242 149.899323 0.002551
144 519.453552 334.389008 0.000000 2.891751 2.697474 8.780110 31.737602 123.058640 0.004866
145 520.698914 334.370941 0.000000 3.157870 2.779721 9.261514 34.100693 134.135895 0.002658
146 519.421204 334.865936 0.000000 3.059289 2.839813 9.596245 35.696571 141.506714 0.002874
147 520.024109 334.426239 0.000000 2.806856 2.848449 9.659600 36.063000 143.446487 0.003105
148 518.325012 335.463470 0.000000 2.723921 2.781707 9.268526 34.135311 134.335968 0.002816
149 518.412964 335.944946 0.000000 2.629486 2.843348 9.580894 35.477573 139.901443 0.002573
150 516.863586 337.112976 0.000000 2.105461 2.961314 10.283336 39.013386 156.954224 0.002314
151 518.350647 335.585480 0.000000 2.275299 2.919611 10.062053 38.010155 152.563568 0.002568
152 518.296997 333.991730 0.000000 2.073217 2.953692 10.346961 39.767059 162.332581 0.002216
153 520.581848 335.017761 0.000000 1.665833 2.909646 10.081693 38.406914 155.588455 0.004552
154 520.647522 334.554230 0.000000 1.424126 2.797314 9.447801 35.399574 141.953674 0.004157
155 521.488708 334.720856 0.000000 1.606337 2.602843 8.143599 28.277693 105.493973 0.011840
156 521.318848 335.135681 0.000000 1.390764 2.733472 9.020624 33.020916 129.422333 0.010192
157 521.997009 335.066925 0.000000 1.349809 2.545744 7.953650 27.958641 106.539001 0.008000
158 521.303101 335.050781 0.000000 1.373753 2.580336 8.085731 28.290106 106.750351 0.006783
159 519.897034 334.544586 0.000000 1.527105 2.658080 8.544240 30.584805 117.762550 0.009234
160 520.892395 334.818573 0.000000 1.599959 2.643184 8.470047 30.287291 116.654213 0.008359
161 521.486938 334.704285 0.000000 1.632852 2.615156 8.195771 28.466162 106.088799 0.010961
162 521.300903 335.328339 0.000000 1.510195 2.719997 8.781704 31.269936 119.085213 0.005267
163 520.677612 334.843384 0.000000 1.530691 2.930439 10.140833 38.440224 154.705002 0.004121
164 521.069519 334.574890 0.000000 1.628894 2.711175 8.750810 31.206852 119.150642 0.006482
165 521.245789 335.089935 0.000000 1.559564 2.741100 9.030293 32.987518 129.163361 0.009372
166 521.343018 334.573395 0.000000 1.876148 2.685459 8.580291 30.251827 114.110275 0.005527
167 521.465881 334.415619 0.000000 1.907218 2.675095 8.576962 30.463247 116.017685 0.004940
168 521.616211 334.527130 0.000000 1.791839 2.755232 9.020007 32.539734 125.360435 0.007437
169 521.570068 334.406677 0.000000 1.776347 2.699399 8.707859 31.005451 118.002945 0.007067
170 521.850891 334.387299 0.000000 1.676443 2.647357 8.459099 30.108700 115.386490 0.005912
171 521.234253 335.075378 0.000000 1.454727 2.703702 8.803395 31.794607 123.091934 0.009939
172 520.507751 335.118866 0.000000 1.629450 2.776225 9.141157 33.127262 128.112885 0.006341
173 520.850464 334.836365 0.000000 1.583402 2.676552 8.655802 31.159706 120.604759 0.003708
174 521.070679 334.916290 0.000000 1.566450 2.584543 8.108600 28.370857 106.888641 0.006387
175 520.482910 335.355377 0.000000 1.498381 2.535413 7.765529 26.464497 97.080101 0.004505
176 520.507629 334.621765 0.000000 1.573953 2.680118 8.607960 30.663563 117.256844 0.008859
177 521.169800 334.708099 0.000000 1.615047 2.646959 8.354169 29.133589 108.779839 0.005284
178 522.123230 334.509033 0.000000 1.878922 2.679143 8.590533 30.475611 115.832863 0.005101
179 521.979919 333.793915 0.000000 1.787747 2.906523 10.002001 37.764610 151.570633 0.003143
180 521.517456 334.323669 0.000000 1.591227 2.877422 9.785340 36.525562 145.054489 0.003616
181 521.211975 334.575928 0.000000 1.698422 2.780252 9.199168 33.561146 130.765289 0.006482
182 520.732727 334.413696 0.000000 1.536685 2.695337 8.712271 31.232208 120.150017 0.004638
183 520.687988 334.927490 0.000000 1.803055 2.607189 8.190042 28.600006 107.380455 0.005444
184 521.124207 334.509766 0.000000 1.765802 2.778434 9.216563 33.824097 132.880157 0.004523
185 521.463257 335.286926 0.000000 1.636968 2.718363 8.779192 31.268801 119.089699 0.003620
186 521.157471 335.158203 0.000000 1.645686 2.553455 7.895193 27.217098 101.144035 0.004767
187 521.456604 334.677246 0.000000 1.710065 2.766001 9.106838 33.082844 128.424088 0.004250
188 520.722107 335.287781 0.000000 1.835212 2.606460 8.174384 28.455322 106.363434 0.002914
189 520.653442 335.250824 0.000000 1.725356 2.801355 9.302238 33.976307 132.299957 0.003591
190 521.336731 334.653198 0.000000 1.681074 2.684052 8.607414 30.522720 115.921524 0.006836
191 521.170898 334.620087 0.000000 1.826065 2.838584 9.451677 34.453701 133.572739 0.003648
192 520.987000 334.538757 0.000000 1.694421 2.751210 9.076022 33.162266 129.773849 0.002400
193 521.153809 335.081604 0.000000 1.649840 2.579134 8.030464 27.836533 103.915367 0.010760
194 521.222412 334.582245 0.000000 1.646589 2.571847 7.967648 27.434555 101.587967 0.004935
195 520.907410 334.408630 0.000000 1.912899 2.816057 9.434915 34.815781 137.022446 0.004056
196 521.252319 334.692932 0.000000 1.695993 2.747330 8.993552 32.483280 125.381691 0.006227
197 521.211975 334.949951 0.000000 1.765084 2.795089 9.320855 34.233032 134.018585 0.003647
198 521.407288 334.525574 0.000000 1.749251 2.791555 9.275266 33.972301 132.835266 0.004449
199 521.903320 334.665283 0.000000 1.650519 2.640728 8.357948 29.306166 110.230309 0.004862
200 521.458435 335.181915 0.000000 1.754646 2.723446 8.870130 31.934961 123.048943 0.005376
201 521.275391 335.110901 0.000000 1.634743 2.699329 8.776207 31.645824 122.314865 0.010634
202 521.296082 334.927551 0.000000 1.665891 2.799462 9.294374 33.918869 131.888962 0.010807
203 521.115356 334.402100 0.000000 1.591198 2.734944 8.893178 31.896048 122.311653 0.007724
204 521.404419 335.086426 0.000000 1.664960 2.589463 8.157578 28.688166 108.681671 0.008269
