%% Trajectory 310
%% frame x (pixel)     y (pixel)    z (pixel)      m0         m1           m2           m3           m4           s 
0 250.383667 366.874664 0.000000 4.766167 2.242854 6.190543 19.276791 65.521713 0.002247
1 252.690781 364.638611 0.000000 4.884717 2.208223 5.927767 17.776457 57.739635 0.002283
2 255.014465 364.866852 0.000000 5.095021 2.344113 6.720467 21.625845 75.515686 0.002459
3 255.393936 363.623566 0.000000 5.298257 2.304918 6.435044 20.019854 67.237831 0.002811
4 255.984146 364.216309 0.000000 5.332786 2.363778 6.794708 21.842735 75.991035 0.002299
5 255.077820 363.095886 0.000000 5.161628 2.343611 6.706025 21.524168 74.956604 0.002747
6 255.335419 361.957520 0.000000 5.497332 2.299304 6.415998 19.979624 67.248993 0.003179
7 253.283676 362.673431 0.000000 5.376805 2.352428 6.696195 21.225960 72.559311 0.002490
8 251.590805 362.046906 0.000000 5.201581 2.293162 6.421563 20.159998 68.675751 0.002347
9 252.058624 361.931854 0.000000 5.454419 2.366857 6.812599 21.918150 76.251656 0.002755
10 250.927979 358.912476 0.000000 5.525942 2.430194 7.198331 23.893539 85.918236 0.002375
11 246.428894 358.230103 0.000000 5.930973 2.378123 6.820859 21.729105 74.475807 0.002421
12 247.129425 359.822144 0.000000 5.748867 2.311468 6.484690 20.291885 68.571960 0.002545
13 248.070343 358.800140 0.000000 5.630326 2.406729 7.020256 22.853640 80.365837 0.002413
14 251.538116 359.761658 0.000000 5.353314 2.299110 6.423200 20.032389 67.535576 0.002770
15 252.105301 362.504150 0.000000 5.342304 2.356539 6.755193 21.672125 75.345505 0.002469
16 250.892685 364.575714 0.000000 5.512301 2.294703 6.402346 19.960373 67.354683 0.002879
17 250.615433 363.600372 0.000000 5.342846 2.244251 6.120759 18.642294 61.451637 0.002273
18 251.405319 362.838165 0.000000 5.287652 2.264982 6.241360 19.225996 64.146606 0.002179
19 250.806656 364.348328 0.000000 5.089919 2.222326 6.009709 18.157286 59.379620 0.002494
20 250.260452 365.284149 0.000000 4.932567 2.305945 6.490658 20.486370 70.186836 0.002101
21 250.687698 368.362762 0.000000 5.521235 2.265702 6.219993 19.009567 62.655945 0.002119
22 253.706741 368.607697 0.000000 5.711885 2.350414 6.698161 21.289480 73.093315 0.002348
23 253.732346 368.622620 0.000000 5.432136 2.362539 6.769849 21.656961 74.914421 0.002833
24 253.366684 368.399811 0.000000 5.352795 2.320290 6.501260 20.240469 67.820976 0.002801
25 253.323013 369.288727 0.000000 5.584776 2.350135 6.676742 21.112238 71.987961 0.002762
26 251.397446 371.119476 0.000000 5.355796 2.301625 6.429055 20.028023 67.387589 0.002618
27 248.266724 371.826874 0.000000 5.335251 2.335889 6.646892 21.169920 73.021637 0.002786
28 248.955154 373.493347 0.000000 5.493246 2.355695 6.761166 21.704441 75.375534 0.002695
29 248.483139 370.700043 0.000000 5.550601 2.307418 6.463467 20.206411 68.276367 0.003004
30 248.328827 370.523712 0.000000 5.196920 2.265318 6.240853 19.195652 63.834332 0.002770
31 251.925766 369.182465 0.000000 5.447095 2.325708 6.562253 20.658474 70.264603 0.002422
32 248.590515 369.345703 0.000000 5.099054 2.285686 6.351351 19.722486 66.286140 0.002445
33 247.307831 368.283600 0.000000 4.857493 2.313707 6.532045 20.652658 70.767342 0.002451
34 246.719849 366.959595 0.000000 4.772445 2.448456 7.289532 24.257555 87.248245 0.002404
35 250.879684 367.354279 0.000000 4.591992 2.320322 6.559163 20.765018 71.290062 0.002445
36 248.236572 368.292999 0.000000 4.799829 2.377023 6.902970 22.506260 79.683922 0.002169
37 249.220139 369.674316 0.000000 5.194442 2.250291 6.175492 18.989586 63.400124 0.002801
38 250.959930 369.211273 0.000000 5.029961 2.299606 6.467548 20.434404 70.205231 0.002809
39 250.127670 369.519043 0.000000 5.212700 2.289758 6.409665 20.129038 68.615196 0.002755
40 251.107925 370.403198 0.000000 5.166018 2.311531 6.492385 20.367979 69.116013 0.002899
41 249.650009 371.672668 0.000000 5.117950 2.334597 6.626208 21.011568 72.067810 0.002857
42 249.587494 374.588959 0.000000 4.983659 2.344354 6.697719 21.420324 74.214790 0.002310
43 250.320969 373.821594 0.000000 5.186972 2.279526 6.326722 19.624401 65.852310 0.002825
44 250.616257 373.061890 0.000000 5.258195 2.352482 6.729209 21.504042 74.285728 0.002155
45 250.438049 370.751007 0.000000 5.537663 2.281176 6.321887 19.561069 65.458420 0.003059
46 249.249527 372.615326 0.000000 4.948792 2.349593 6.715869 21.466879 74.288986 0.002104
47 245.534805 370.789215 0.000000 4.859965 2.320730 6.578277 20.911205 72.124321 0.002760
48 243.666855 372.544678 0.000000 4.831078 2.388362 6.927874 22.440893 78.548164 0.002344
49 242.933670 374.183319 0.000000 4.582602 2.426124 7.194447 23.953672 86.533295 0.002874
50 243.581650 378.040314 0.000000 4.176511 2.385626 6.958721 22.792606 81.038933 0.002812
51 242.589066 376.207825 0.000000 4.243762 2.439734 7.213259 23.786833 84.658478 0.002853
52 243.694519 373.184174 0.000000 4.340665 2.426208 7.143494 23.464806 83.173668 0.002457
53 243.966049 374.285004 0.000000 4.307440 2.512769 7.671649 26.158533 96.255104 0.002882
54 244.634003 374.349304 0.000000 4.015929 2.489279 7.502443 25.195063 91.179695 0.002924
55 244.134918 373.218414 0.000000 4.285969 2.452970 7.303118 24.267635 87.052704 0.002551
56 244.059158 371.754181 0.000000 4.015622 2.456649 7.322899 24.376572 87.647507 0.002212
57 243.301788 372.500214 0.000000 4.393375 2.423364 7.117918 23.331671 82.603981 0.002859
58 243.030426 373.398499 0.000000 4.056956 2.523122 7.705157 26.229277 96.256279 0.002571
59 241.468643 372.037720 0.000000 4.203515 2.427131 7.153855 23.561049 83.886368 0.002882
60 240.944626 373.957733 0.000000 4.227745 2.563149 7.935547 27.357260 101.588905 0.002899
61 239.307663 371.016022 0.000000 3.872012 2.480655 7.446375 24.909571 89.848450 0.002782
62 237.310837 370.462585 0.000000 3.864337 2.362881 6.807010 21.966763 76.825142 0.002890
63 237.570023 369.616058 0.000000 3.900904 2.430985 7.180502 23.678816 84.302780 0.002639
64 238.642410 369.046936 0.000000 4.117402 2.434051 7.167784 23.506086 83.084831 0.002933
65 238.843063 367.410187 0.000000 4.090515 2.428655 7.168531 23.650219 84.354156 0.002545
66 238.648590 367.247620 0.000000 3.964927 2.521420 7.716239 26.355425 97.106705 0.002534
67 239.591644 369.487976 0.000000 4.273476 2.342292 6.677151 21.282694 73.415375 0.002146
68 239.973831 370.612610 0.000000 4.309569 2.424868 7.131806 23.404282 82.933105 0.002132
69 239.962540 372.834503 0.000000 4.073698 2.435333 7.253716 24.253031 87.935425 0.002674
70 242.121063 372.230286 0.000000 4.239029 2.504465 7.587667 25.594391 92.978889 0.002833
71 242.002106 372.474915 0.000000 4.194465 2.507591 7.606532 25.721872 93.792465 0.002882
72 240.701340 371.715118 0.000000 4.185477 2.394847 6.981707 22.773834 80.393265 0.002564
73 242.007965 370.881866 0.000000 4.607586 2.494269 7.515578 25.204905 91.035782 0.002890
74 240.380966 373.230743 0.000000 4.150882 2.515292 7.680741 26.190496 96.403313 0.002674
75 239.213943 373.599426 0.000000 3.868312 2.493840 7.518358 25.250645 91.450813 0.002163
76 237.991592 375.586578 0.000000 3.560709 2.544547 7.872823 27.232470 101.726028 0.002682
77 237.736420 376.650360 0.000000 3.830117 2.529714 7.720752 26.228310 96.002525 0.002558
78 239.301971 377.576935 0.000000 3.890011 2.506171 7.575893 25.470188 92.175919 0.002326
79 238.408722 379.191467 0.000000 3.767982 2.520482 7.643455 25.731026 93.094627 0.002988
80 241.669067 379.483765 0.000000 3.928263 2.535097 7.754646 26.389807 96.671913 0.003320
81 242.214508 379.997498 0.000000 3.589498 2.576161 8.053696 28.109943 105.814240 0.003259
82 240.722183 380.588989 0.000000 3.758936 2.590990 8.073529 27.922810 103.756866 0.003040
83 241.221634 380.614716 0.000000 3.629789 2.599480 8.128485 28.218590 105.234871 0.002863
84 241.338272 379.878021 0.000000 3.522205 2.737877 8.924472 32.081951 123.229477 0.002041
85 241.314713 381.960968 0.000000 3.269891 2.735234 8.947106 32.350464 125.142975 0.002793
86 239.714783 383.451385 0.000000 3.108736 2.776491 9.200191 33.659435 131.602264 0.002324
87 241.734436 381.539978 0.000000 3.444061 2.654764 8.451421 29.812336 112.791229 0.002542
88 240.828949 380.884583 0.000000 3.598006 2.527372 7.742443 26.471014 97.672974 0.002538
89 243.418961 382.510681 0.000000 3.720532 2.674442 8.614017 30.803236 118.228661 0.002747
90 238.955994 382.502899 0.000000 3.541754 2.566452 7.962117 27.517872 102.437340 0.002523
91 239.608307 382.052612 0.000000 3.762619 2.575289 7.999740 27.633373 102.675507 0.005523
92 239.034988 379.961121 0.000000 3.902694 2.580347 8.066710 28.116693 105.575249 0.002411
93 238.676483 380.717102 0.000000 3.858416 2.550637 7.871912 27.065199 100.231590 0.002454
94 239.546661 381.288513 0.000000 3.853600 2.548873 7.852798 26.930222 99.413582 0.002653
95 238.813950 381.439270 0.000000 3.825579 2.559672 7.933433 27.406582 102.024155 0.003185
96 240.715805 379.712738 0.000000 3.734220 2.535571 7.764017 26.461054 97.112526 0.002646
97 244.286133 379.410156 0.000000 3.596976 2.582226 8.139097 28.726427 109.478256 0.002564
98 245.480087 381.095978 0.000000 3.586764 2.532900 7.799929 26.854155 99.851982 0.002915
99 244.429306 384.497528 0.000000 3.741752 2.708081 8.773524 31.458704 120.858681 0.002320
100 241.599747 385.702667 0.000000 3.616681 2.661908 8.535272 30.389875 116.174294 0.002521
101 241.334976 385.677338 0.000000 3.409822 2.673426 8.601979 30.728159 117.836914 0.002577
102 239.451584 387.119751 0.000000 3.146253 2.668092 8.623381 31.043243 120.140991 0.002275
103 239.662476 387.506317 0.000000 3.091271 2.655123 8.489203 30.150307 115.020416 0.003053
104 240.891220 387.158386 0.000000 3.048373 2.699606 8.789865 31.790087 123.395737 0.002936
105 242.501877 385.920166 0.000000 2.975157 2.775307 9.220881 33.846661 132.768753 0.003097
106 242.009216 384.657623 0.000000 2.795003 2.753573 9.136240 33.620842 132.525284 0.003234
107 242.791702 384.694427 0.000000 2.997949 2.728024 8.973994 32.754734 128.119324 0.004184
108 243.594284 386.519745 0.000000 2.984858 2.734868 8.966136 32.532906 126.379669 0.002898
109 244.539810 385.787567 0.000000 3.308544 2.814204 9.407075 34.613262 135.818420 0.002294
110 244.996155 386.588654 0.000000 3.153107 2.754228 9.092805 33.220119 129.893387 0.004683
111 242.782730 389.344727 0.000000 2.607296 2.591201 8.186476 28.933926 110.340607 0.002783
112 245.056473 389.413147 0.000000 3.000607 2.628784 8.433992 30.273033 117.164810 0.003425
113 241.536194 390.386292 0.000000 2.577818 2.645617 8.461675 30.120430 115.291603 0.006181
114 240.570038 389.122772 0.000000 2.861542 2.593170 8.139513 28.453115 107.044525 0.004449
115 240.539841 389.129730 0.000000 3.067826 2.605648 8.217074 28.881824 109.330200 0.003035
116 242.935684 388.274017 0.000000 3.033347 2.589640 8.149461 28.631559 108.412659 0.002811
117 244.083389 389.441772 0.000000 2.999281 2.740385 9.018147 32.878967 128.390640 0.005654
118 239.890137 388.886444 0.000000 2.602168 2.658733 8.540176 30.543974 117.528664 0.002745
119 239.439117 390.967651 0.000000 2.435915 2.751102 9.039689 32.823376 127.492058 0.002942
120 238.430588 390.486786 0.000000 2.660484 2.728224 8.912960 32.247501 125.011322 0.004993
121 239.338989 388.990570 0.000000 2.419096 2.737745 9.002328 32.788464 127.889099 0.005033
122 239.789597 388.601440 0.000000 2.563412 2.737344 8.993685 32.701859 127.247078 0.003652
123 238.499741 387.879791 0.000000 2.446995 2.685514 8.664042 31.013378 119.125893 0.006046
124 238.474640 387.206055 0.000000 2.490604 2.658512 8.583515 30.913118 119.795670 0.007016
125 237.981369 386.383820 0.000000 2.691423 2.784009 9.278975 34.193851 134.739471 0.004880
126 239.238754 387.002350 0.000000 2.701927 2.721695 8.949948 32.715454 128.330704 0.003604
127 239.512863 386.320038 0.000000 2.416281 2.730227 8.985955 32.841995 128.731384 0.002530
128 237.942764 385.460815 0.000000 3.322256 2.695946 8.714860 31.177441 119.447128 0.002387
129 237.829956 385.068542 0.000000 3.050319 2.657142 8.485199 30.073820 114.467941 0.005068
130 239.620941 386.130615 0.000000 2.511916 2.799344 9.424699 35.146858 140.183105 0.002994
131 238.609528 383.446533 0.000000 2.908096 2.723490 8.903111 32.232063 124.972885 0.003121
132 237.484833 383.294830 0.000000 2.992260 2.703418 8.739309 31.260303 119.803436 0.002476
133 237.329483 383.496124 0.000000 3.295226 2.777380 9.138354 33.081226 127.766579 0.002304
134 239.205780 384.285095 0.000000 3.152422 2.819438 9.434349 34.740540 136.401871 0.004118
135 237.985367 385.306519 0.000000 2.959256 2.742471 9.028840 32.887085 128.134491 0.004662
136 237.323776 387.406128 0.000000 2.616246 2.752388 9.110202 33.414234 131.206787 0.004265
137 236.475281 387.553131 0.000000 2.686427 2.642128 8.435292 29.973076 114.536552 0.004880
138 236.073517 387.172668 0.000000 2.528888 2.657524 8.550672 30.636160 118.030869 0.004989
139 235.601990 388.013336 0.000000 2.435238 2.616722 8.273810 29.107487 110.116646 0.005824
140 235.293610 388.065979 0.000000 2.495617 2.658089 8.546098 30.580610 117.626091 0.006317
141 235.811646 386.414276 0.000000 2.559754 2.671821 8.625739 30.981304 119.550407 0.008013
142 235.343719 388.675629 0.000000 2.882302 2.682184 8.599814 30.471552 115.550743 0.002560
143 235.908020 386.410767 0.000000 2.733942 2.718121 8.862541 31.981131 123.524582 0.007294
144 235.494690 386.728027 0.000000 2.919010 2.680594 8.635473 30.829699 117.973648 0.003415
145 236.708191 384.541870 0.000000 3.360016 2.686471 8.618853 30.563461 116.028076 0.003288
146 238.494568 382.337524 0.000000 3.164867 2.705863 8.772929 31.468378 120.839676 0.002891
147 236.020050 378.901794 0.000000 3.176070 2.649262 8.455611 29.979231 114.171692 0.004306
148 236.593323 377.432587 0.000000 3.335905 2.661206 8.484946 29.982038 113.684898 0.002767
149 236.893631 380.258514 0.000000 3.256755 2.663297 8.552094 30.508963 116.876747 0.002571
150 238.267487 382.418732 0.000000 3.472478 2.625840 8.282278 28.966742 108.727921 0.002678
151 239.849503 379.572266 0.000000 3.426718 2.627365 8.271484 28.841490 107.854225 0.002310
152 241.633667 378.277527 0.000000 3.203141 2.655402 8.484736 30.104712 114.721237 0.002216
153 240.542267 378.861145 0.000000 3.131618 2.635253 8.377589 29.608625 112.487564 0.003082
154 240.850647 376.779755 0.000000 3.567697 2.579597 8.056669 28.048391 105.209183 0.003139
155 241.337341 376.994659 0.000000 3.277903 2.670956 8.619310 30.930666 119.232513 0.003216
156 240.334625 376.576447 0.000000 3.465553 2.650006 8.459780 29.991180 114.167641 0.002575
157 240.227859 374.879822 0.000000 3.593703 2.641903 8.398969 29.645191 112.364494 0.002310
158 240.979309 374.251892 0.000000 3.456440 2.658578 8.518536 30.320347 115.884415 0.002843
159 240.398132 375.875031 0.000000 3.509492 2.607641 8.214224 28.807747 108.751564 0.002890
160 242.481842 377.124268 0.000000 3.498685 2.571649 7.987516 27.622463 102.866135 0.002935
161 243.228073 374.625885 0.000000 3.380646 2.567980 7.967228 27.514404 102.266174 0.002188
162 242.155548 373.906799 0.000000 3.632943 2.683032 8.650561 30.883595 118.079208 0.002743
163 241.956314 372.106140 0.000000 3.600820 2.667990 8.535740 30.245060 114.866280 0.002331
164 243.260193 375.503967 0.000000 3.234850 2.566290 7.960008 27.501564 102.360359 0.002502
165 245.878571 374.079407 0.000000 3.140412 2.611872 8.286535 29.324198 111.740028 0.004058
166 246.722290 376.201721 0.000000 2.714092 2.653235 8.483048 30.122932 114.872063 0.008042
167 249.236664 373.677734 0.000000 3.086047 2.690823 8.680861 31.029156 118.927834 0.002705
168 248.770004 372.672150 0.000000 3.416657 2.562637 7.921962 27.247015 100.872887 0.002711
169 248.628555 372.596741 0.000000 2.983005 2.674538 8.589590 30.555328 116.462265 0.003276
170 248.499100 371.957336 0.000000 3.402049 2.587613 8.070126 27.975170 104.281845 0.002816
171 247.880249 368.605713 0.000000 3.352181 2.679231 8.608867 30.626015 116.731102 0.002589
172 247.033203 370.028137 0.000000 3.305538 2.473806 7.475263 25.343428 93.112564 0.003152
173 244.993164 370.595459 0.000000 3.424938 2.507909 7.612053 25.778576 94.226936 0.002151
174 243.456055 369.482056 0.000000 3.665707 2.488433 7.531057 25.493284 93.290817 0.002936
175 242.289490 368.951294 0.000000 3.645945 2.533902 7.789218 26.733892 99.011185 0.002944
176 244.583450 369.189240 0.000000 3.400650 2.610259 8.239075 28.945299 109.394257 0.002248
177 249.144409 369.391846 0.000000 3.584955 2.557271 7.928928 27.444590 102.502190 0.002516
178 253.350998 368.044678 0.000000 3.266212 2.601530 8.194026 28.770906 108.832222 0.002916
179 255.091019 366.832397 0.000000 2.996830 2.695141 8.723471 31.290413 120.302719 0.005065
180 254.469879 370.104950 0.000000 3.533888 2.519988 7.662891 25.919821 94.377815 0.002965
181 254.411179 369.444214 0.000000 3.035712 2.658179 8.437032 29.581005 110.990227 0.002190
182 253.540955 368.510986 0.000000 3.059969 2.655399 8.441142 29.700785 112.015999 0.002453
183 255.332947 366.715210 0.000000 3.490835 2.588800 8.087452 28.111382 105.157356 0.002089
184 255.845474 365.566284 0.000000 3.006268 2.637778 8.441251 30.127623 115.786446 0.002252
185 256.233551 363.309357 0.000000 3.260771 2.602707 8.165058 28.446238 106.445908 0.002892
186 255.915436 363.266083 0.000000 2.997175 2.598527 8.184027 28.739117 108.711609 0.002611
187 257.266571 362.269257 0.000000 3.133363 2.507693 7.632240 25.937654 95.156952 0.003266
188 259.209412 363.473267 0.000000 3.271822 2.623802 8.284436 29.047958 109.433556 0.002343
189 260.049805 363.283325 0.000000 3.160914 2.623257 8.301484 29.207354 110.468414 0.002470
190 260.524506 366.440521 0.000000 2.904989 2.720110 8.865964 31.995121 123.696037 0.004272
191 259.848724 365.664764 0.000000 2.885340 2.761797 9.156441 33.613941 132.081528 0.004535
192 262.243256 368.080566 0.000000 2.193456 2.641292 8.485811 30.440739 117.605118 0.004184
193 262.773682 369.147461 0.000000 2.456563 2.588889 8.062949 27.913788 103.992409 0.004403
194 263.597595 370.710632 0.000000 2.231613 2.656287 8.581783 30.951046 120.175919 0.005142
196 264.619995 374.152557 0.000000 2.610039 2.715071 8.945419 32.759502 128.576920 0.003272
197 264.571533 375.982117 0.000000 1.383252 2.697500 9.228577 35.604969 147.530991 0.005419
198 264.001495 376.247864 0.000000 1.218886 2.673438 9.134192 35.343689 147.226700 0.014242
199 264.243652 376.454407 0.000000 1.464222 2.543289 8.227553 30.319803 121.384087 0.009008
200 263.999542 375.138702 0.000000 1.977932 2.600812 8.467769 31.216497 124.719421 0.004414
201 264.728668 374.937286 0.000000 1.743738 2.777611 9.468039 35.930710 145.916809 0.006320
202 262.988281 378.072357 0.000000 1.051153 2.298927 6.897642 24.123833 93.408287 0.015858
203 262.916565 377.776855 0.000000 0.977470 2.279624 6.845361 24.116318 94.358902 0.014280
204 263.324951 377.425720 0.000000 0.807577 2.465466 7.999774 30.058510 123.413658 0.008194
