%% Trajectory 3
%% frame x (pixel)     y (pixel)    z (pixel)      m0         m1           m2           m3           m4           s 
0 407.935699 47.474182 0.000000 4.767785 2.345498 6.853527 22.777378 82.893143 0.002247
1 409.436890 49.003372 0.000000 5.043366 2.335610 6.813014 22.622787 82.258324 0.002283
2 411.106354 48.294586 0.000000 4.773862 2.350590 6.906891 23.096807 84.498581 0.002529
3 408.422821 49.468922 0.000000 5.134289 2.335018 6.786325 22.415689 81.026909 0.002811
4 407.529694 52.104622 0.000000 5.788809 2.291682 6.543131 21.248602 75.619545 0.002299
5 408.311127 50.634388 0.000000 5.736959 2.315795 6.680688 21.930687 78.919662 0.002747
6 408.569244 49.151985 0.000000 5.302886 2.264025 6.394546 20.593378 72.913094 0.003179
7 408.947754 50.954529 0.000000 5.645147 2.365482 6.959565 23.207947 84.430313 0.002490
8 406.641144 53.331112 0.000000 6.652870 2.263173 6.355058 20.256397 70.745110 0.002347
9 408.462708 52.574543 0.000000 6.203341 2.310334 6.611014 21.446022 76.109970 0.002755
10 409.665619 52.973873 0.000000 6.211117 2.293912 6.563574 21.384102 76.423378 0.002375
11 412.111511 53.241440 0.000000 6.363625 2.266676 6.359375 20.214781 70.325264 0.002421
12 412.934967 51.743607 0.000000 6.223764 2.354590 6.786239 21.971138 77.239594 0.002545
13 412.670227 50.052891 0.000000 5.531943 2.315857 6.672103 21.853874 78.432877 0.002413
14 413.361176 50.134720 0.000000 5.739563 2.311247 6.608201 21.403904 75.810966 0.002770
15 414.226318 50.333836 0.000000 5.820655 2.344490 6.816412 22.488384 81.165398 0.002469
16 414.485016 48.573227 0.000000 5.319027 2.318190 6.665927 21.762865 77.813896 0.002879
17 412.467896 47.994366 0.000000 4.993341 2.294646 6.575139 21.474291 76.993248 0.002273
18 411.434998 49.133854 0.000000 5.498751 2.300739 6.581555 21.400620 76.267334 0.002179
19 410.907166 48.485886 0.000000 5.456830 2.336655 6.780581 22.347406 80.633743 0.002494
20 408.821075 52.450253 0.000000 6.231704 2.322473 6.673426 21.716347 77.225601 0.002101
21 409.321289 53.130531 0.000000 6.333891 2.299015 6.565580 21.295559 75.658463 0.002119
22 409.750793 52.303711 0.000000 6.023300 2.270070 6.391927 20.432493 71.588112 0.002348
23 411.259125 52.707825 0.000000 6.208728 2.281815 6.476185 20.899233 73.966515 0.002833
24 408.214355 50.662266 0.000000 5.844614 2.345378 6.844692 22.717224 82.589302 0.002801
25 408.362091 52.486206 0.000000 6.095036 2.281662 6.460042 20.774523 73.236916 0.002762
26 407.035065 55.457138 0.000000 6.858414 2.266451 6.384324 20.441755 71.796585 0.002618
27 404.580292 55.423523 0.000000 6.907435 2.220174 6.067110 18.713465 63.046146 0.002786
28 405.217407 54.529156 0.000000 6.700232 2.248668 6.261206 19.768026 68.379539 0.002695
29 405.531372 54.142506 0.000000 6.754510 2.254486 6.298613 19.953075 69.208267 0.003003
30 400.754272 54.980515 0.000000 6.956624 2.247454 6.239851 19.607521 67.402260 0.002732
31 401.797455 55.327740 0.000000 7.012928 2.240068 6.172686 19.183540 65.028938 0.002421
32 400.445251 54.599709 0.000000 6.896054 2.223989 6.103585 18.951120 64.401596 0.002445
33 400.360168 54.133793 0.000000 6.938879 2.218220 6.074179 18.804190 63.644909 0.002451
34 399.126190 56.141098 0.000000 7.421159 2.294841 6.483127 20.656174 71.725723 0.002392
35 399.338379 57.469784 0.000000 7.447703 2.184718 5.902577 18.072617 60.697216 0.002445
36 399.965424 57.378231 0.000000 7.345901 2.234177 6.172746 19.314903 66.174271 0.002169
37 402.262115 58.017387 0.000000 7.470577 2.228572 6.108239 18.869953 63.564838 0.002801
38 401.458923 58.310623 0.000000 7.492843 2.204076 5.968146 18.213034 60.661263 0.002809
39 400.285156 57.200996 0.000000 7.449269 2.259158 6.297316 19.846857 68.367622 0.002755
40 399.576508 57.517681 0.000000 7.409236 2.170592 5.794557 17.434311 57.246384 0.002899
41 398.783875 59.634380 0.000000 7.531080 2.202930 5.939793 17.986719 59.233303 0.002857
42 397.870880 58.077671 0.000000 7.459152 2.253298 6.258003 19.634813 67.282021 0.002309
43 396.679047 58.630127 0.000000 7.387882 2.208462 5.967949 18.115200 59.838753 0.002825
44 397.091705 59.026638 0.000000 7.236987 2.249793 6.245651 19.569576 66.860138 0.002155
45 395.064392 59.212406 0.000000 7.408900 2.186003 5.884087 17.844549 58.984947 0.002294
46 393.318268 59.456848 0.000000 7.542191 2.134621 5.607367 16.616892 53.854877 0.002020
47 393.243927 57.766811 0.000000 7.504160 2.231846 6.121801 18.948044 64.095963 0.002755
48 393.816864 56.974945 0.000000 7.322287 2.237582 6.171313 19.235458 65.537086 0.002342
49 391.038696 58.443031 0.000000 7.506577 2.225296 6.126846 19.114758 65.339180 0.002710
50 389.797638 62.036499 0.000000 8.052134 2.211729 5.998785 18.319443 61.004139 0.002786
51 388.999603 63.140602 0.000000 8.101045 2.242422 6.183204 19.192091 64.846085 0.002825
52 388.335999 59.054214 0.000000 7.750051 2.233562 6.136910 19.002161 64.137611 0.002457
53 387.236359 58.772068 0.000000 7.634449 2.202891 5.976636 18.334343 61.616188 0.002882
54 385.010376 58.581970 0.000000 7.539569 2.241495 6.202459 19.425753 66.615295 0.002924
55 382.908142 60.530548 0.000000 8.087063 2.223273 6.086668 18.822866 63.662064 0.002551
56 385.600647 60.793194 0.000000 7.894897 2.149843 5.654424 16.706064 53.795509 0.002212
57 387.087952 63.403271 0.000000 8.129907 2.149539 5.668401 16.798174 54.209263 0.002857
58 385.585083 63.570953 0.000000 7.955180 2.092195 5.337324 15.215978 47.018219 0.002571
59 383.737823 65.017799 0.000000 8.451826 2.130091 5.550391 16.228268 51.625061 0.003766
60 383.956665 66.986130 0.000000 8.790228 2.160648 5.742824 17.218643 56.411793 0.002995
61 382.283630 66.339554 0.000000 8.691062 2.106575 5.391923 15.384249 47.482296 0.004278
62 382.084656 65.729095 0.000000 8.630200 2.137914 5.585051 16.375692 52.320614 0.002940
63 384.173889 69.573952 0.000000 8.673860 2.066250 5.201206 14.628384 44.650707 0.002646
64 386.748840 69.848328 0.000000 8.883847 2.110825 5.411592 15.471735 47.874855 0.003424
65 385.537628 68.342438 0.000000 8.433364 2.064375 5.192425 14.577394 44.326412 0.002557
66 387.260803 68.357841 0.000000 8.536497 2.113759 5.457455 15.776417 49.537827 0.002644
67 388.789001 70.092422 0.000000 8.451571 2.121789 5.492537 15.901831 49.911926 0.002413
68 388.352600 70.402512 0.000000 8.521376 2.069398 5.201855 14.555214 43.998943 0.002741
69 391.470795 69.074661 0.000000 8.604397 2.115526 5.465631 15.785794 49.390442 0.002678
70 390.660461 70.001945 0.000000 8.594823 2.117425 5.470937 15.806565 49.502628 0.002833
71 389.192352 68.387726 0.000000 8.297739 2.085990 5.315702 15.151871 46.861126 0.002892
72 388.822937 67.566628 0.000000 8.466490 2.108953 5.399086 15.393007 47.412746 0.002680
73 388.066284 68.482620 0.000000 8.548947 2.130630 5.547425 16.187973 51.358227 0.004726
74 386.917236 69.034294 0.000000 8.851416 2.154089 5.674331 16.780397 54.007866 0.002688
75 387.491852 67.676201 0.000000 8.366124 2.096637 5.362109 15.343530 47.694595 0.002430
76 387.287781 66.209137 0.000000 8.434653 2.119261 5.470579 15.763751 49.160030 0.002681
77 388.470245 67.795616 0.000000 8.599948 2.126135 5.508914 15.976920 50.373314 0.002571
78 385.917236 69.822861 0.000000 8.292621 2.117032 5.512321 16.181398 51.930130 0.002227
79 383.793274 69.856361 0.000000 8.151722 2.049706 5.133749 14.390994 43.815804 0.002967
80 383.259979 67.774826 0.000000 8.594009 2.079353 5.285681 15.051405 46.591850 0.002227
81 382.495972 69.578804 0.000000 8.564567 2.054447 5.131727 14.286674 43.043926 0.002833
82 383.321106 68.086227 0.000000 8.459733 2.089608 5.365561 15.487997 48.693600 0.002137
83 384.066620 66.638237 0.000000 8.542342 2.112950 5.461328 15.832698 49.948174 0.002825
84 381.535065 68.589455 0.000000 8.499334 2.032012 5.022504 13.827116 41.165993 0.002041
85 381.852905 67.506744 0.000000 8.523073 2.101338 5.368734 15.296793 47.147900 0.002793
86 383.576904 66.912216 0.000000 8.770455 2.152325 5.683165 16.868429 54.521160 0.002304
87 382.620087 66.853462 0.000000 8.827019 2.143542 5.585315 16.244179 51.161858 0.002500
88 381.928223 67.624779 0.000000 8.727811 2.174021 5.789221 17.335543 56.618393 0.002141
89 384.804871 66.325104 0.000000 8.886996 2.171202 5.748190 17.051512 54.967232 0.002880
90 382.611755 64.468323 0.000000 8.536953 2.169912 5.727893 16.896280 54.023090 0.002601
91 380.683044 65.291374 0.000000 8.676816 2.147228 5.613549 16.417751 52.135601 0.002786
92 380.354095 65.295555 0.000000 8.684234 2.132252 5.522294 15.946072 49.810886 0.002384
93 379.099854 67.701065 0.000000 8.887752 2.163907 5.734323 17.097132 55.658138 0.002072
94 377.659210 66.546463 0.000000 9.104767 2.120517 5.454027 15.624344 48.383305 0.002545
95 378.435852 68.243332 0.000000 8.920245 2.098220 5.340226 15.125238 46.267593 0.003001
96 379.168243 69.675659 0.000000 9.132092 2.111620 5.439345 15.685593 49.162457 0.002649
97 376.913696 68.866608 0.000000 9.561885 2.168492 5.786118 17.432775 57.502880 0.002564
98 377.013885 69.061775 0.000000 9.566009 2.156328 5.678792 16.720875 53.291195 0.002915
99 377.183197 67.042839 0.000000 9.621690 2.169838 5.733992 16.919010 54.011124 0.002321
100 378.298431 71.088127 0.000000 9.595921 2.155948 5.659165 16.592505 52.673733 0.002457
101 376.875031 69.940659 0.000000 9.169903 2.229792 6.101095 18.813082 63.309090 0.002475
102 377.425537 69.983109 0.000000 9.110647 2.193865 5.884858 17.708988 57.916348 0.002273
103 375.477234 69.646957 0.000000 9.071207 2.144972 5.597260 16.332296 51.746140 0.002237
104 373.754333 66.846420 0.000000 8.920457 2.150052 5.611739 16.322231 51.301861 0.002667
105 370.706757 65.334793 0.000000 9.097024 2.146243 5.591106 16.242470 51.052246 0.002427
106 369.542023 68.132919 0.000000 8.645906 2.080481 5.275097 14.947342 45.945461 0.003103
107 368.934967 68.164230 0.000000 8.773977 2.129264 5.546673 16.243153 51.892170 0.002670
108 369.190338 68.309067 0.000000 8.865633 2.107282 5.386911 15.323658 47.063980 0.002770
109 368.294281 68.586655 0.000000 8.826275 2.054158 5.111997 14.136987 42.196812 0.002345
110 369.082245 68.718323 0.000000 8.663951 2.086423 5.296097 14.996991 45.978096 0.003970
111 367.552124 69.809280 0.000000 8.731160 2.047411 5.081976 14.020864 41.757710 0.002222
112 370.635956 69.434395 0.000000 9.405839 2.091255 5.303700 14.967498 45.628765 0.002359
113 371.285706 67.924271 0.000000 9.299106 2.105609 5.395797 15.440020 47.878574 0.002858
114 370.291473 68.897484 0.000000 8.997922 2.074025 5.237418 14.768548 45.143097 0.003078
115 367.458862 69.925606 0.000000 8.540739 2.048708 5.112380 14.241245 43.001110 0.002161
116 368.426880 70.138283 0.000000 8.644360 2.055724 5.125537 14.205239 42.485718 0.002786
117 368.276123 71.711800 0.000000 8.676915 2.072859 5.205281 14.517555 43.656765 0.002950
118 368.096558 71.826988 0.000000 8.986935 2.099689 5.361009 15.263532 47.024036 0.002353
119 367.723175 73.057823 0.000000 9.097732 2.105106 5.394809 15.432265 47.793831 0.002079
120 366.450500 75.477829 0.000000 9.428041 2.134613 5.519386 15.874639 49.293671 0.002646
121 366.778381 75.113625 0.000000 9.435065 2.163352 5.697129 16.781029 53.629959 0.002725
122 368.276611 74.622078 0.000000 9.712015 2.112542 5.407772 15.393598 47.292862 0.002611
123 369.016144 75.372993 0.000000 10.130145 2.177191 5.758058 16.981070 54.138939 0.002451
124 368.360596 77.607780 0.000000 10.915032 2.196103 5.833599 17.238882 54.982742 0.002841
125 368.642303 76.600891 0.000000 10.519809 2.206935 5.900410 17.579172 56.614048 0.002119
126 370.723541 76.590591 0.000000 11.010731 2.209560 5.925853 17.744617 57.545914 0.002457
127 370.837067 76.459061 0.000000 10.903236 2.210845 5.937762 17.830019 58.082287 0.002212
128 370.232849 76.225594 0.000000 10.831246 2.210047 5.916464 17.637077 56.769016 0.002387
129 371.086761 77.365013 0.000000 10.667349 2.199385 5.874169 17.495865 56.327377 0.002179
130 370.115967 79.222160 0.000000 10.462483 2.191766 5.829034 17.275675 55.317947 0.002907
131 368.945190 79.706100 0.000000 10.765930 2.233716 6.073904 18.487438 61.052799 0.002639
132 365.885498 79.869812 0.000000 10.184686 2.213656 5.977840 18.093636 59.488995 0.002421
133 368.957550 78.198105 0.000000 10.978344 2.225224 6.027511 18.315384 60.602669 0.002299
134 369.036926 80.074921 0.000000 10.466089 2.211950 5.966289 17.998486 58.809647 0.002183
135 368.653168 78.758492 0.000000 10.675606 2.185558 5.789222 17.089695 54.538841 0.002632
136 368.097260 79.105309 0.000000 9.952591 2.165228 5.734582 17.009726 54.704189 0.002758
137 369.735718 76.453026 0.000000 10.016345 2.151484 5.613135 16.309801 51.196068 0.002241
138 368.754730 77.276566 0.000000 10.197216 2.177897 5.760756 17.006914 54.343906 0.002833
139 370.258850 75.698257 0.000000 9.661639 2.116205 5.488136 15.998623 50.866570 0.002943
140 371.484192 76.206146 0.000000 10.157178 2.135022 5.543203 16.057474 50.327240 0.002639
141 373.061157 77.106186 0.000000 10.022464 2.148049 5.648174 16.636393 53.136585 0.002626
142 373.866852 77.868393 0.000000 9.429056 2.101766 5.357664 15.201084 46.587627 0.002299
143 374.178711 76.557495 0.000000 9.616353 2.060602 5.167086 14.441185 43.653576 0.002588
144 372.051849 76.322830 0.000000 10.122357 2.134009 5.550820 16.121721 50.662693 0.002172
145 374.744873 74.804855 0.000000 9.776383 2.105694 5.372416 15.244472 46.689831 0.003931
146 377.449432 75.707626 0.000000 8.673823 2.007516 4.889724 13.231319 38.646828 0.002874
147 378.248596 76.989647 0.000000 8.766092 2.086166 5.318772 15.197587 47.237537 0.003091
148 378.292877 76.933258 0.000000 8.804221 2.099077 5.365021 15.312209 47.352039 0.003522
149 378.424377 76.515594 0.000000 8.827649 2.035973 5.017430 13.715341 40.387955 0.002571
150 379.485382 76.762505 0.000000 8.606588 2.015512 4.928885 13.396095 39.308147 0.002247
151 377.424988 76.808502 0.000000 8.703683 2.028393 5.007410 13.779126 41.052494 0.002309
152 377.598755 77.522919 0.000000 8.739789 1.993425 4.825543 12.980586 37.691368 0.002212
153 377.021332 79.980194 0.000000 8.905108 2.080474 5.319147 15.314749 48.175861 0.002597
154 375.725098 79.898346 0.000000 8.994557 2.035828 5.040650 13.901456 41.455227 0.002695
155 376.463348 77.935204 0.000000 8.872792 2.060491 5.177464 14.532742 44.225594 0.002924
156 376.387360 76.102615 0.000000 9.126304 2.120230 5.463892 15.697431 48.758553 0.002558
157 374.204041 76.816940 0.000000 9.675347 2.129221 5.506908 15.878444 49.519585 0.003547
158 377.100739 78.437988 0.000000 8.925326 2.113070 5.438095 15.622863 48.587742 0.002825
159 375.433868 78.641685 0.000000 9.143440 2.071980 5.189982 14.411275 43.064602 0.002890
160 375.449890 77.312355 0.000000 9.106857 2.098058 5.346850 15.179253 46.586132 0.002801
161 375.364075 77.207298 0.000000 9.205267 2.111011 5.416758 15.488770 47.871994 0.002188
162 372.375763 78.293236 0.000000 10.032519 2.098921 5.334905 15.066413 45.884502 0.002695
163 373.530548 78.849472 0.000000 9.315873 2.119010 5.439732 15.526018 47.807217 0.002331
164 374.155273 77.431747 0.000000 9.646314 2.063462 5.167331 14.390762 43.262539 0.002499
165 374.242157 76.965141 0.000000 9.483188 2.108685 5.424414 15.614239 48.806217 0.003180
166 373.983215 76.896606 0.000000 9.704872 2.147748 5.643093 16.649668 53.509247 0.003220
167 374.652344 75.014275 0.000000 9.890705 2.155197 5.660548 16.640112 53.104267 0.003381
168 375.038483 74.288864 0.000000 9.946474 2.169239 5.735619 16.951923 54.273670 0.002728
169 374.386444 76.021103 0.000000 9.647010 2.135879 5.560521 16.192196 51.152199 0.003165
170 375.484833 74.671547 0.000000 9.549468 2.075217 5.217508 14.584080 44.012741 0.002494
171 374.205383 75.986992 0.000000 9.412725 2.119735 5.482496 15.870689 49.874393 0.002577
172 373.477570 75.272064 0.000000 9.609382 2.116558 5.429407 15.500181 47.807373 0.002598
173 373.502960 75.318123 0.000000 9.710871 2.098268 5.322336 14.984284 45.460613 0.002596
174 372.059906 72.965675 0.000000 9.424408 2.207922 5.964877 18.119448 60.014099 0.002933
175 372.970886 71.537292 0.000000 9.413062 2.215192 6.016830 18.389957 61.266171 0.002755
176 374.066010 74.179207 0.000000 9.306086 2.155108 5.665257 16.649117 52.987164 0.002227
177 372.999054 74.329063 0.000000 9.481713 2.149466 5.654645 16.671738 53.350891 0.002311
178 375.319672 73.060898 0.000000 8.700083 2.083308 5.314498 15.199189 47.260139 0.003059
179 372.898987 77.216011 0.000000 9.918422 2.140223 5.554427 16.056313 50.162109 0.003738
180 373.749817 76.237724 0.000000 9.556150 2.124217 5.475542 15.726560 48.838486 0.002187
181 374.372223 79.020271 0.000000 8.958738 2.064204 5.214991 14.754386 45.329021 0.002160
182 374.495087 77.607208 0.000000 9.188605 2.041800 5.064928 13.986362 41.744701 0.002217
183 374.582581 77.372429 0.000000 9.042180 2.051575 5.095792 14.047058 41.723423 0.002058
184 374.968811 77.863602 0.000000 8.847570 2.126506 5.558288 16.342041 52.340622 0.002227
185 375.207214 80.736870 0.000000 8.991475 2.018315 4.952856 13.525888 39.921295 0.002890
186 374.370209 80.258148 0.000000 8.842070 2.018757 4.949325 13.487990 39.671520 0.002605
187 372.978973 81.914299 0.000000 8.894863 2.076958 5.279843 15.037802 46.533100 0.002530
188 372.720245 81.049530 0.000000 9.279903 2.076442 5.246253 14.787124 45.122425 0.002336
189 373.843658 80.018593 0.000000 9.004564 2.076644 5.258625 14.882860 45.671021 0.002469
190 373.506470 78.214767 0.000000 9.275097 2.044191 5.083979 14.087172 42.207054 0.002849
191 377.194214 76.816948 0.000000 8.255738 2.021557 4.991797 13.777511 41.264633 0.002469
192 377.364929 77.466682 0.000000 8.040477 2.048861 5.151018 14.546526 44.783123 0.002183
193 377.172607 75.734108 0.000000 8.478621 2.091221 5.358281 15.396361 48.087482 0.003797
194 373.972687 76.131119 0.000000 9.447101 2.242895 6.188500 19.218184 64.907150 0.002155
195 372.818146 77.516037 0.000000 9.290945 2.215310 5.948471 17.799099 57.550022 0.002890
196 373.096252 74.198990 0.000000 8.114429 2.129233 5.575977 16.421070 52.619102 0.002337
197 373.603180 75.508354 0.000000 8.542533 2.080845 5.254660 14.769099 44.843197 0.002624
198 376.139893 74.184326 0.000000 8.331246 2.061373 5.217632 14.835601 45.938839 0.003899
199 373.985443 73.649750 0.000000 8.235140 2.103782 5.443852 15.859979 50.405342 0.002758
200 375.063690 74.564339 0.000000 8.229517 2.084484 5.333797 15.324667 47.899807 0.002658
201 376.348480 74.707588 0.000000 8.268687 2.049044 5.111016 14.215034 42.782082 0.002916
202 376.679291 77.012436 0.000000 8.106295 2.097965 5.429197 15.879764 50.924210 0.002725
203 379.345032 76.861267 0.000000 8.129634 2.043064 5.146800 14.635530 45.601044 0.002409
204 380.612213 79.629601 0.000000 7.958578 2.041046 5.110760 14.389997 44.267250 0.002350
