%% Trajectory 221
%% frame x (pixel)     y (pixel)    z (pixel)      m0         m1           m2           m3           m4           s 
0 209.724075 293.960327 0.000000 8.342396 2.317839 6.470265 20.058958 66.958794 0.002247
1 208.105927 293.378723 0.000000 8.178584 2.240567 6.114213 18.681374 61.937092 0.002283
2 207.029404 293.579376 0.000000 7.972332 2.269555 6.290552 19.578491 66.273735 0.002457
3 205.392654 291.493134 0.000000 7.684217 2.266448 6.209865 18.953047 62.503284 0.002809
4 206.746536 295.204559 0.000000 7.680638 2.311777 6.418392 19.741941 65.244034 0.002299
5 209.296234 293.401489 0.000000 8.253816 2.284679 6.313073 19.447409 64.779488 0.002747
6 209.097733 292.812134 0.000000 8.167309 2.271469 6.297441 19.587721 66.200211 0.002770
7 208.934860 293.971375 0.000000 7.979189 2.291808 6.448288 20.438900 70.567078 0.002488
8 210.221710 292.561981 0.000000 7.978866 2.298992 6.409389 19.961416 67.327477 0.002347
9 208.594696 292.184326 0.000000 8.261578 2.270210 6.189242 18.685011 60.597790 0.002755
10 206.901978 291.002228 0.000000 7.822360 2.270238 6.346525 20.014168 68.821777 0.002375
11 207.655060 292.547180 0.000000 8.043378 2.222498 5.940283 17.591991 56.021080 0.002421
12 208.623962 294.778290 0.000000 7.860960 2.221661 5.959005 17.761150 57.057228 0.002545
13 208.967316 294.574554 0.000000 8.045595 2.238178 6.121383 18.801884 62.823227 0.002410
14 207.599640 293.250885 0.000000 8.215953 2.204153 5.857725 17.288973 55.003262 0.002770
15 206.153824 291.290314 0.000000 8.230857 2.161708 5.699852 16.822016 53.876106 0.002480
16 203.312119 289.454041 0.000000 8.003246 2.128517 5.502753 15.871464 49.557396 0.002865
17 202.780121 287.433380 0.000000 7.898915 2.124952 5.436770 15.397659 46.869862 0.002273
18 202.525711 286.815948 0.000000 7.964924 2.113587 5.410297 15.395956 47.268105 0.002179
19 200.645920 287.075714 0.000000 7.803828 2.181818 5.750410 16.845249 53.220791 0.002494
20 199.154892 288.031281 0.000000 8.011438 2.116097 5.505862 16.117874 51.396069 0.002101
21 196.851364 286.371521 0.000000 8.037021 2.064579 5.132265 14.106429 41.638802 0.002119
22 194.994247 285.843719 0.000000 8.207823 2.110612 5.473352 15.957716 50.656136 0.002347
23 195.616745 285.280212 0.000000 8.265574 2.030826 4.987848 13.587983 39.890541 0.002833
24 196.250290 285.971710 0.000000 8.491885 2.056278 5.167459 14.521220 44.250187 0.002801
25 199.156677 284.685181 0.000000 8.384274 2.056073 5.149748 14.391529 43.545898 0.002762
26 197.166931 286.408630 0.000000 8.319276 2.014293 4.939378 13.501284 39.950798 0.002618
27 196.926758 286.240662 0.000000 8.352993 2.089854 5.363635 15.477029 48.675106 0.002786
28 197.204880 286.309875 0.000000 8.335071 2.017637 4.950455 13.530096 40.008907 0.002695
29 198.582123 284.592255 0.000000 8.366477 2.054574 5.090488 13.952614 41.084526 0.003003
30 197.455475 286.250427 0.000000 8.262232 2.031000 4.988859 13.594128 39.925255 0.002732
31 198.195633 286.092438 0.000000 8.322839 2.060915 5.184446 14.580816 44.479912 0.002421
32 201.494461 287.935303 0.000000 8.362846 2.058856 5.151639 14.358555 43.258228 0.002445
33 200.929184 289.161407 0.000000 8.472597 2.098633 5.394230 15.545652 48.682453 0.002451
34 203.504288 288.864532 0.000000 8.612303 2.049691 5.096151 14.090823 42.066891 0.002392
35 203.745987 287.822205 0.000000 8.639488 2.053778 5.101129 14.061915 41.779423 0.002445
36 205.876862 288.100220 0.000000 8.577893 2.057598 5.125831 14.197554 42.469597 0.002169
37 208.144135 287.986938 0.000000 8.914215 2.101473 5.394546 15.491417 48.231358 0.002801
38 209.218765 287.411926 0.000000 8.879693 2.020764 4.951283 13.477071 39.581810 0.002809
39 209.431488 288.151917 0.000000 8.729800 2.077984 5.230440 14.638753 44.233120 0.002755
40 208.439499 288.388519 0.000000 8.655941 2.057605 5.108115 14.040216 41.496925 0.002899
41 211.045532 287.988190 0.000000 8.620721 2.165476 5.755855 17.196184 55.894520 0.002911
42 211.780731 287.376373 0.000000 8.793614 2.068032 5.154547 14.225067 42.224434 0.002310
43 209.695297 287.213074 0.000000 8.757776 2.052194 5.072986 13.878532 40.831390 0.002825
44 211.413208 288.106293 0.000000 9.067861 2.102687 5.356990 15.183235 46.469280 0.002155
45 210.202286 286.058624 0.000000 8.389257 2.143466 5.617859 16.486361 52.456108 0.002294
46 208.119446 286.683929 0.000000 8.588203 2.121131 5.490793 15.900653 49.943974 0.002134
47 206.632462 285.986572 0.000000 8.263698 2.116748 5.442311 15.591170 48.273903 0.002758
48 206.836319 286.654938 0.000000 8.451688 2.081673 5.234521 14.598185 43.839794 0.002342
49 205.975052 287.337311 0.000000 8.181036 2.105989 5.432765 15.733283 49.601822 0.002710
50 206.302765 289.306946 0.000000 8.347006 2.089216 5.299718 14.966975 45.666145 0.002786
51 206.033539 287.498169 0.000000 8.409163 2.039297 5.071171 14.078398 42.346359 0.002825
52 204.621384 287.452667 0.000000 8.624683 2.025205 4.945845 13.352558 38.709999 0.002457
53 205.045609 287.113983 0.000000 8.686342 2.047561 5.129972 14.390921 43.843365 0.002882
54 207.105392 289.451263 0.000000 8.861373 2.039318 5.049325 13.901967 41.315887 0.002924
55 207.722961 291.033264 0.000000 8.692455 2.114287 5.444814 15.666196 48.846592 0.002608
56 205.769165 289.515167 0.000000 8.456140 2.009841 4.871760 13.062187 37.641167 0.002212
57 205.464737 290.463013 0.000000 8.601285 2.022272 4.930431 13.288879 38.462948 0.002857
58 205.522552 290.901459 0.000000 8.576019 2.078195 5.243007 14.723617 44.666611 0.002571
59 204.413696 291.963074 0.000000 8.594043 2.122135 5.482078 15.809221 49.350216 0.004024
60 204.751617 294.496613 0.000000 8.748002 2.080180 5.215515 14.482302 43.269016 0.002899
61 203.931580 293.451050 0.000000 8.623186 2.117555 5.479095 15.879174 49.994652 0.004276
62 206.147552 293.958679 0.000000 8.899547 2.116513 5.488731 15.972923 50.554489 0.003026
63 205.174530 293.791595 0.000000 9.008140 2.084864 5.293882 15.006413 46.077686 0.002648
64 207.480362 290.896545 0.000000 8.924688 2.051892 5.114719 14.195316 42.583645 0.002967
65 206.191025 292.019409 0.000000 8.861345 2.110694 5.443122 15.706457 49.145267 0.002742
66 206.183807 291.116089 0.000000 8.883756 2.080462 5.268071 14.877261 45.457329 0.002533
67 207.215744 290.014893 0.000000 8.829257 2.082094 5.286402 14.991194 46.046131 0.002177
68 207.948196 289.134521 0.000000 8.781652 2.092494 5.347476 15.283814 47.367928 0.002157
69 208.104355 288.779144 0.000000 8.934626 2.077322 5.255635 14.831049 45.284000 0.002675
70 207.598053 287.910034 0.000000 8.713303 2.037295 5.043510 13.909419 41.512783 0.005360
71 207.255783 287.160645 0.000000 8.833590 2.039556 5.048608 13.898536 41.314091 0.002888
72 207.256683 287.540344 0.000000 8.772811 2.001142 4.846505 13.011011 37.609287 0.002564
73 205.368073 288.346771 0.000000 8.737229 2.034419 5.003285 13.635698 39.990250 0.002890
74 205.622742 289.149261 0.000000 8.567527 2.010744 4.919255 13.427752 39.754845 0.002674
75 206.642899 286.416626 0.000000 8.590251 1.999175 4.851243 13.112947 38.407314 0.002164
76 207.371414 286.255402 0.000000 8.749130 2.009101 4.899511 13.294857 39.017345 0.002681
77 207.016800 288.938629 0.000000 8.871206 2.089825 5.331864 15.197308 46.911442 0.002571
78 209.031219 290.257294 0.000000 9.258426 2.111872 5.417343 15.474544 47.735214 0.002227
79 209.171799 289.598480 0.000000 9.213115 2.078211 5.222606 14.555393 43.664440 0.002967
80 210.114685 289.420319 0.000000 9.194675 2.077300 5.226858 14.607301 44.008965 0.002227
81 212.078445 289.080261 0.000000 9.058118 2.093172 5.338892 15.201782 46.859219 0.002833
82 213.215393 287.892242 0.000000 8.939794 2.074517 5.231170 14.699185 44.662689 0.002137
83 212.274765 287.066345 0.000000 8.941806 2.063143 5.187785 14.566671 44.318077 0.002825
84 212.727234 287.345886 0.000000 8.877370 2.008192 4.881842 13.172891 38.348804 0.002041
85 212.161865 289.508026 0.000000 8.995264 2.032377 5.011284 13.731429 40.592720 0.002793
86 211.641800 291.367096 0.000000 8.893211 2.041682 5.020489 13.646637 39.833042 0.002304
87 211.223511 291.258575 0.000000 8.976369 2.054678 5.126381 14.230373 42.660435 0.002500
88 213.569977 292.682037 0.000000 8.740917 2.063339 5.132195 14.128219 41.807896 0.002141
89 212.685776 290.942902 0.000000 8.749713 2.139109 5.543909 15.983875 49.731838 0.002880
90 213.619507 290.606049 0.000000 8.589074 2.130226 5.471365 15.592223 47.892696 0.002601
91 214.230316 289.490875 0.000000 8.365061 2.070417 5.218412 14.686349 44.814785 0.004253
92 209.711731 288.749725 0.000000 8.858901 2.071762 5.197858 14.492426 43.592384 0.002384
93 211.106033 288.294678 0.000000 8.952734 2.096610 5.363820 15.354682 47.726643 0.002072
94 212.827637 288.715454 0.000000 8.640394 2.099142 5.326166 14.999762 45.509785 0.002747
95 211.680908 289.576752 0.000000 8.768729 2.097781 5.309191 14.895224 44.978012 0.003001
96 212.174759 288.321899 0.000000 8.785728 2.092146 5.329187 15.160041 46.743065 0.002649
97 212.002060 286.410217 0.000000 9.153548 2.073674 5.260341 14.963846 46.346367 0.002564
98 213.487732 287.868988 0.000000 9.345776 2.078243 5.236398 14.679437 44.444386 0.002915
99 214.949478 286.657379 0.000000 9.360198 2.104356 5.415141 15.613379 48.912235 0.002321
100 215.024628 286.052704 0.000000 9.168476 2.124783 5.524954 16.100336 50.932064 0.002457
101 214.024048 286.151917 0.000000 8.638060 2.143661 5.611227 16.435841 52.196556 0.002475
102 214.160751 286.549377 0.000000 8.602015 2.104767 5.395795 15.458729 48.042484 0.002273
103 215.174973 282.354797 0.000000 8.689692 2.100045 5.364848 15.288705 47.157391 0.002237
104 215.854187 282.418854 0.000000 8.650869 2.097401 5.285352 14.713599 43.952393 0.002667
105 214.646805 283.126434 0.000000 8.655484 2.093792 5.296918 14.870516 44.977703 0.002427
106 213.819061 284.447296 0.000000 8.429473 2.098760 5.298034 14.789084 44.334084 0.004364
107 215.036880 285.729980 0.000000 8.703351 2.093367 5.345319 15.251815 47.160645 0.002670
108 215.575836 287.858917 0.000000 8.386281 2.067617 5.181965 14.436179 43.387096 0.004380
109 213.545685 289.411316 0.000000 8.550831 2.060261 5.122527 14.111506 41.838215 0.002362
110 213.632736 289.204712 0.000000 8.534710 2.089954 5.261915 14.670906 44.000107 0.003979
111 212.719345 292.544525 0.000000 8.708390 2.118440 5.398638 15.212124 46.016579 0.002222
112 211.264359 291.883423 0.000000 9.104516 2.145319 5.614277 16.445166 52.265217 0.002359
113 211.154922 291.756866 0.000000 8.970049 2.145989 5.637807 16.635496 53.436558 0.002858
114 208.129547 288.538300 0.000000 8.845681 2.103076 5.383424 15.378114 47.554554 0.003078
115 208.688812 287.524689 0.000000 8.487041 2.139382 5.498843 15.630093 47.712963 0.002161
116 209.481735 286.607178 0.000000 8.132771 2.113568 5.399002 15.317040 46.858650 0.002786
117 209.619766 286.054474 0.000000 8.276321 2.175227 5.759315 17.041512 54.604252 0.002950
118 212.425995 285.376526 0.000000 8.274034 2.126461 5.478789 15.717981 48.767750 0.002353
119 208.749390 284.856537 0.000000 8.446155 2.103222 5.347803 15.096691 45.927036 0.002079
120 212.031540 283.867218 0.000000 8.144428 2.172861 5.792792 17.362486 56.649887 0.002646
121 212.633820 281.953125 0.000000 8.235035 2.141972 5.571817 16.150780 50.575947 0.002725
122 213.346390 282.301361 0.000000 7.848428 2.153980 5.615184 16.291376 51.048756 0.002611
123 212.520447 280.710632 0.000000 7.603230 2.213647 5.937576 17.749786 57.363266 0.002497
124 211.967407 282.531464 0.000000 7.602515 2.215718 6.019364 18.407463 61.368553 0.002873
125 210.249374 282.092743 0.000000 7.548563 2.339207 6.682883 21.439590 74.741035 0.002119
126 209.649155 282.499420 0.000000 7.713123 2.258666 6.123909 18.404772 59.548050 0.002457
127 209.457306 281.991486 0.000000 7.741755 2.227858 6.033450 18.271893 59.991940 0.002212
128 210.539932 285.423096 0.000000 7.766970 2.229264 5.990868 17.880751 57.524857 0.002387
129 208.350006 286.037872 0.000000 7.637216 2.244471 6.153638 18.939165 63.394009 0.002179
130 208.665619 286.944214 0.000000 7.755592 2.242748 6.102144 18.535889 60.944885 0.002907
131 209.779541 287.237396 0.000000 7.742049 2.288688 6.269156 18.982086 61.664062 0.002639
132 209.147552 284.698822 0.000000 7.714257 2.193619 5.883155 17.729315 58.205475 0.002421
133 212.439850 281.281982 0.000000 7.795826 2.169160 5.692848 16.617121 52.336361 0.002299
134 214.923721 281.419189 0.000000 7.935819 2.222522 6.075344 18.723164 62.937996 0.002183
135 215.780716 280.025482 0.000000 8.156615 2.224861 5.995377 17.999023 58.350895 0.002632
136 213.438766 282.161407 0.000000 7.817051 2.228327 5.995692 17.943352 57.937763 0.002755
137 213.651291 281.322998 0.000000 7.946557 2.190377 5.780402 16.925322 53.369015 0.002212
138 214.771606 280.820831 0.000000 8.164989 2.230368 5.996049 17.887924 57.434864 0.002833
139 214.080292 278.714691 0.000000 8.267250 2.237686 6.126608 18.841911 63.049469 0.002410
140 213.842087 280.762482 0.000000 8.098115 2.133519 5.484821 15.624400 47.877319 0.002639
141 214.926468 283.482941 0.000000 8.406709 2.160773 5.725467 17.050724 55.279579 0.002591
142 215.331009 284.391754 0.000000 8.369066 2.158560 5.648060 16.465166 51.884754 0.002299
143 213.965942 285.496521 0.000000 8.240061 2.172887 5.773945 17.207691 55.728382 0.002551
144 213.972031 286.532288 0.000000 8.124086 2.193067 5.893402 17.807760 58.615932 0.002169
145 212.330933 285.938324 0.000000 8.129956 2.182560 5.811522 17.325296 56.044456 0.002427
146 212.053162 285.497070 0.000000 8.300673 2.091338 5.348720 15.342939 47.925980 0.002874
147 212.343994 284.740784 0.000000 8.571338 2.104654 5.383265 15.348254 47.331322 0.003091
148 213.731430 283.852234 0.000000 8.780949 2.075591 5.206045 14.491752 43.471790 0.003522
149 212.732086 282.044037 0.000000 7.995981 2.169491 5.731447 16.924320 54.125244 0.002571
150 215.307373 282.237000 0.000000 7.911915 2.223763 6.001447 18.087486 59.028431 0.002247
151 215.214722 283.062439 0.000000 7.721305 2.298199 6.475372 20.550034 71.082230 0.002309
152 214.964981 282.926270 0.000000 7.277128 2.363654 6.843600 22.301754 79.082863 0.002212
153 213.771164 282.612213 0.000000 7.551661 2.316031 6.437984 19.830427 65.684067 0.002597
154 211.942856 284.443665 0.000000 7.222475 2.353627 6.759643 21.782871 76.193077 0.002695
155 213.088074 283.586273 0.000000 7.282955 2.304528 6.471413 20.379534 69.709435 0.002924
156 212.063934 284.716888 0.000000 7.231811 2.353504 6.744716 21.658361 75.439102 0.002558
157 212.209534 285.619293 0.000000 7.356191 2.309486 6.475816 20.306902 69.032341 0.002309
158 212.134552 285.222961 0.000000 6.753904 2.336524 6.632742 21.055950 72.392258 0.002825
159 213.691559 285.438507 0.000000 7.239000 2.382651 6.805732 21.532061 73.197021 0.002890
160 211.732544 287.209808 0.000000 7.125373 2.360672 6.698450 21.078011 71.318001 0.002801
161 213.010406 289.558075 0.000000 7.303786 2.394455 6.985339 22.860312 81.206520 0.002188
162 210.442871 288.282715 0.000000 7.523706 2.376615 6.796087 21.587332 73.855377 0.002681
163 211.063736 286.844086 0.000000 7.180697 2.301903 6.479142 20.515747 70.764496 0.002331
164 216.079956 288.942780 0.000000 7.029286 2.305254 6.504476 20.653971 71.455666 0.002494
165 218.593491 289.056396 0.000000 7.313664 2.345896 6.660523 21.082048 72.080162 0.002890
166 217.590729 289.235077 0.000000 7.416173 2.285426 6.298423 19.303621 63.836201 0.002941
167 216.799850 290.990784 0.000000 7.237989 2.414809 7.019831 22.692156 79.085884 0.002625
168 217.143707 287.889648 0.000000 7.431866 2.277642 6.351694 19.946062 68.315681 0.002710
169 213.922775 288.239807 0.000000 7.770661 2.308546 6.547712 20.950459 73.120712 0.002525
170 215.015442 288.387726 0.000000 7.480310 2.339165 6.676071 21.399584 74.577522 0.002494
171 216.275970 292.166260 0.000000 7.099156 2.325894 6.555796 20.653599 70.514030 0.002577
172 214.230148 291.905548 0.000000 7.306464 2.368449 6.814921 21.959351 76.778030 0.002375
173 213.721313 293.710022 0.000000 7.293490 2.389820 6.857435 21.821341 74.672310 0.002045
174 212.668015 293.717041 0.000000 7.344446 2.364034 6.731019 21.306301 72.715012 0.002933
175 210.978958 295.371887 0.000000 7.196285 2.353015 6.727872 21.512905 74.464745 0.002755
176 210.702896 298.427246 0.000000 6.743966 2.337907 6.586989 20.608475 69.394012 0.002227
177 208.684952 300.184753 0.000000 7.074686 2.338180 6.568659 20.461411 68.544777 0.002309
178 209.981354 297.386444 0.000000 7.209203 2.352063 6.739263 21.637371 75.335899 0.002915
179 210.090759 296.204407 0.000000 7.314363 2.303090 6.429927 20.040306 67.567894 0.002770
180 209.581116 295.390839 0.000000 7.755905 2.278963 6.232904 18.873787 61.394524 0.002123
181 209.933670 295.543701 0.000000 7.502945 2.301967 6.476752 20.467989 70.314865 0.002160
182 210.917084 297.382172 0.000000 7.369720 2.306638 6.515778 20.701159 71.541107 0.002217
183 210.064301 296.679382 0.000000 7.454464 2.246501 6.175369 19.078424 64.160774 0.002058
184 211.798065 295.707062 0.000000 7.552135 2.342165 6.592055 20.569221 69.004066 0.002227
185 211.035370 295.657837 0.000000 7.349556 2.345115 6.686942 21.338861 73.776855 0.002890
186 210.573837 294.684113 0.000000 7.229168 2.322246 6.502184 20.243847 67.971558 0.002604
187 210.149734 293.503723 0.000000 7.323832 2.336002 6.607944 20.840370 70.987946 0.002488
188 209.521927 295.081665 0.000000 7.466631 2.368755 6.803742 21.826719 75.764160 0.002336
189 209.164612 294.720917 0.000000 7.619526 2.320933 6.526834 20.489193 69.595657 0.002469
190 208.438812 294.568787 0.000000 7.556176 2.323564 6.498000 20.162775 67.306953 0.002849
191 209.011429 293.930054 0.000000 7.399286 2.375709 6.855576 22.132618 77.410210 0.002469
192 209.233429 293.651306 0.000000 7.125326 2.379299 6.842872 21.925850 75.833076 0.002183
193 209.744324 291.569458 0.000000 6.950069 2.426114 7.085416 22.972708 80.112007 0.002817
194 210.537598 291.048248 0.000000 6.701317 2.415655 7.082124 23.201942 82.227837 0.002156
195 212.839584 294.253113 0.000000 6.843194 2.377205 6.784873 21.449963 72.805641 0.002890
196 211.700256 293.249603 0.000000 7.000491 2.360473 6.715238 21.221672 72.202072 0.002336
197 208.604248 291.945709 0.000000 7.306118 2.400112 6.956962 22.452614 78.166893 0.002513
198 207.974457 293.490204 0.000000 6.985528 2.347609 6.683191 21.238247 72.963615 0.002381
199 208.157898 290.610870 0.000000 7.052687 2.372989 6.824988 21.916727 76.114212 0.002519
200 207.402054 290.778046 0.000000 6.736855 2.381880 6.887460 22.257885 77.840233 0.002433
201 207.572342 293.034515 0.000000 6.851764 2.357230 6.760931 21.691893 75.356033 0.002915
202 206.976273 295.189636 0.000000 6.463376 2.354659 6.742897 21.591764 74.830666 0.002725
203 205.013290 292.991760 0.000000 6.281444 2.359931 6.807851 22.063021 77.707520 0.002134
204 206.236465 291.037231 0.000000 6.479979 2.381354 6.926148 22.622690 80.281815 0.002330
