%% Trajectory 20
%% frame x (pixel)     y (pixel)    z (pixel)      m0         m1           m2           m3           m4           s 
0 443.437561 84.032936 0.000000 8.730482 2.229455 6.075259 18.582455 61.802555 0.002247
1 442.178436 86.820618 0.000000 8.656096 2.190946 5.844821 17.434521 56.383202 0.002283
2 442.102264 91.323204 0.000000 8.710091 2.110357 5.432348 15.627976 48.723282 0.002457
3 438.671204 90.827171 0.000000 8.827953 2.164330 5.691705 16.700232 53.007660 0.002809
4 439.539124 89.673409 0.000000 8.587395 2.136491 5.571933 16.276926 51.648449 0.002299
5 436.325989 88.463272 0.000000 9.062314 2.173480 5.741948 16.931370 54.029346 0.002747
6 433.282745 89.237457 0.000000 9.355804 2.132277 5.548758 16.156744 51.041069 0.002770
7 434.642639 89.765457 0.000000 9.075045 2.151675 5.620979 16.371826 51.568970 0.002488
8 431.395020 89.439339 0.000000 9.031359 2.105209 5.401706 15.485860 48.107750 0.002347
9 431.819580 89.171867 0.000000 8.961809 2.092312 5.367915 15.504799 48.975624 0.002755
10 429.863159 90.893715 0.000000 8.727598 2.186023 5.831279 17.422642 56.499847 0.002375
11 430.213806 93.917587 0.000000 8.936050 2.201213 5.915807 17.821873 58.323277 0.002421
12 429.612122 94.323898 0.000000 8.693540 2.162684 5.718489 16.971371 54.816536 0.002545
13 429.147369 94.402115 0.000000 8.747363 2.150193 5.640177 16.544405 52.579670 0.002410
14 428.170685 92.712852 0.000000 8.703665 2.166238 5.705209 16.764210 53.273846 0.002770
15 426.741852 96.755463 0.000000 8.462271 2.119105 5.464137 15.731583 49.057045 0.002480
16 427.363037 98.044502 0.000000 8.434936 2.193805 5.892128 17.771433 58.303295 0.002865
17 425.909637 94.949615 0.000000 8.635491 2.173038 5.823678 17.661524 58.715263 0.002273
18 425.852753 92.204010 0.000000 8.457373 2.170277 5.783487 17.372808 57.002289 0.002179
19 425.468719 90.690216 0.000000 8.565316 2.170345 5.724990 16.854021 53.686760 0.002494
20 426.534729 89.892296 0.000000 8.725149 2.205525 5.915340 17.712311 57.361973 0.002101
21 425.974670 89.875984 0.000000 8.768284 2.174186 5.785279 17.296631 56.332932 0.002119
22 426.785126 91.344803 0.000000 8.827532 2.154415 5.649941 16.585838 52.901451 0.002347
23 426.222626 90.213707 0.000000 8.676510 2.198907 5.883607 17.581055 56.835770 0.002833
24 427.757904 90.854935 0.000000 8.763550 2.195960 5.870682 17.540970 56.755802 0.002801
25 427.458252 88.306679 0.000000 8.565810 2.214900 5.984223 18.118801 59.570210 0.002762
26 428.467865 88.896042 0.000000 8.499640 2.261095 6.242673 19.321913 64.910721 0.002618
27 428.304382 90.180176 0.000000 8.472530 2.203655 5.924200 17.845736 58.379654 0.002786
28 428.955475 87.620522 0.000000 8.559830 2.180458 5.811034 17.398037 56.762558 0.002695
29 428.463440 88.768311 0.000000 8.625858 2.197794 5.876820 17.568789 56.935818 0.003003
30 430.058990 88.109596 0.000000 8.527975 2.232732 6.144824 19.163271 65.573128 0.002732
31 432.414764 88.863625 0.000000 8.837874 2.181705 5.805560 17.302139 55.986855 0.002421
32 430.381897 89.072174 0.000000 8.852238 2.231270 6.083032 18.608437 61.878796 0.002445
33 430.103119 90.897232 0.000000 8.731111 2.283380 6.376897 20.001202 68.197960 0.002451
34 430.700623 90.840584 0.000000 8.797567 2.242062 6.120915 18.692013 61.845985 0.002392
35 429.201447 91.334145 0.000000 8.666411 2.243824 6.150348 18.904850 63.109146 0.002445
36 431.371338 91.291008 0.000000 9.078718 2.213506 5.992096 18.209278 60.175709 0.002169
37 433.139709 91.535477 0.000000 9.082828 2.240765 6.116241 18.684813 61.898491 0.002801
38 430.501648 88.942825 0.000000 8.801291 2.264170 6.259266 19.393011 65.183853 0.002809
39 430.911499 87.218613 0.000000 8.825793 2.219242 6.040008 18.543034 62.245991 0.002755
40 430.268158 89.385139 0.000000 8.896630 2.175054 5.771539 17.146152 55.274696 0.002899
41 431.048706 88.988716 0.000000 8.831352 2.203124 5.942719 17.965260 58.884041 0.002911
42 429.676453 87.521927 0.000000 8.541455 2.129658 5.531854 16.094465 50.914654 0.002310
43 427.997955 87.658554 0.000000 8.417939 2.180979 5.795954 17.231100 55.570286 0.002825
44 428.334473 87.577789 0.000000 8.445566 2.158311 5.662898 16.584599 52.572834 0.002155
45 427.940704 85.235199 0.000000 8.470098 2.225287 6.074805 18.717768 63.107311 0.002294
46 427.379425 88.123764 0.000000 8.766073 2.151484 5.651855 16.634245 53.172424 0.002134
47 427.562439 87.767845 0.000000 8.619653 2.134628 5.543014 16.069696 50.446804 0.002758
48 428.685577 85.165443 0.000000 8.832922 2.133430 5.543465 16.117607 50.900505 0.002342
49 428.390869 83.880219 0.000000 8.854503 2.099524 5.367612 15.328748 47.459343 0.002710
50 425.944397 82.474136 0.000000 8.924239 2.095760 5.348045 15.261270 47.295380 0.002786
51 424.408905 84.047745 0.000000 8.971229 2.151626 5.662548 16.732906 53.849152 0.002825
52 424.119202 83.692909 0.000000 8.896408 2.168390 5.719337 16.851643 53.792919 0.002457
53 422.131470 82.852348 0.000000 8.698805 2.254209 6.207676 19.186312 64.465828 0.002882
54 423.082336 81.546021 0.000000 8.791474 2.138196 5.558203 16.125669 50.656147 0.002924
55 424.598175 80.769814 0.000000 8.777305 2.164614 5.706918 16.823305 53.753605 0.002608
56 421.030518 82.720039 0.000000 8.968852 2.231823 6.062245 18.414576 60.621403 0.002212
57 421.203644 82.115425 0.000000 8.860505 2.262358 6.238838 19.253603 64.374947 0.002857
58 419.282654 82.008591 0.000000 8.872013 2.211268 5.990096 18.239414 60.466263 0.002571
59 416.640289 81.912689 0.000000 8.713602 2.154818 5.655686 16.589149 52.705566 0.003248
60 418.512329 83.161324 0.000000 8.984695 2.136975 5.568996 16.255997 51.595558 0.002995
61 418.718140 81.993401 0.000000 8.983319 2.140713 5.613640 16.550335 53.209362 0.002775
62 416.727081 81.493889 0.000000 8.812481 2.079215 5.239116 14.687964 44.494331 0.002979
63 416.915161 82.270775 0.000000 8.783940 2.137250 5.582630 16.376966 52.371868 0.002643
64 414.907257 82.370262 0.000000 8.692104 2.112222 5.430170 15.602897 48.632908 0.003392
65 414.362488 82.696510 0.000000 8.756878 2.078403 5.242627 14.718481 44.652168 0.002754
66 414.153046 82.013161 0.000000 8.644002 2.158527 5.683047 16.715986 53.191338 0.002643
67 411.635010 81.183365 0.000000 8.538642 2.087014 5.307886 15.071902 46.350361 0.002444
68 411.068054 82.556198 0.000000 8.360408 2.066163 5.200341 14.602311 44.389397 0.002716
69 410.607697 79.927872 0.000000 8.472818 2.052567 5.122247 14.239985 42.813915 0.002677
70 412.208374 81.517540 0.000000 8.665488 2.037754 5.044989 13.903600 41.430653 0.005360
71 411.884125 80.095833 0.000000 8.633127 2.091913 5.338226 15.232192 47.141819 0.002898
72 410.252228 81.077103 0.000000 8.470292 2.054105 5.150190 14.421575 43.748215 0.002680
73 408.035706 82.704185 0.000000 8.630188 2.120478 5.497619 15.966798 50.353516 0.004726
74 408.039307 81.801384 0.000000 8.815058 2.089631 5.352237 15.387108 48.145931 0.002688
75 408.326660 80.473969 0.000000 8.473096 2.058546 5.188447 14.657670 45.020203 0.002433
76 409.298035 82.683510 0.000000 7.966999 2.116756 5.528773 16.297596 52.486652 0.002681
77 407.328613 82.293518 0.000000 8.097825 2.180570 5.883616 17.961239 59.959827 0.002558
78 405.866699 80.085930 0.000000 7.629621 2.164687 5.795585 17.566639 58.353653 0.002227
79 406.948547 78.829498 0.000000 7.801174 2.202348 5.996720 18.468889 62.179447 0.002967
80 409.299957 77.840408 0.000000 7.561563 2.135441 5.645062 16.892572 55.365921 0.002227
81 409.034637 76.163528 0.000000 7.344157 2.206637 6.043624 18.766996 63.786247 0.002833
82 408.635864 77.838135 0.000000 7.745775 2.118743 5.521658 16.211407 51.968113 0.002137
83 404.829926 78.073456 0.000000 7.454436 2.186491 5.911924 18.099155 60.708195 0.002825
84 404.744080 81.209503 0.000000 7.732272 2.158292 5.689407 16.772360 53.538231 0.002041
85 407.032043 78.986511 0.000000 8.398660 2.172097 5.856819 17.913048 60.048512 0.002793
86 409.490051 79.418777 0.000000 8.073000 2.046026 5.125559 14.387286 43.899475 0.002304
87 409.191833 77.527184 0.000000 7.865433 2.099221 5.430345 15.828524 50.334419 0.002500
88 407.711182 78.060280 0.000000 7.915383 2.173011 5.808013 17.499821 57.574364 0.002141
89 409.647095 76.541405 0.000000 8.115377 2.102006 5.395921 15.491174 48.204067 0.002747
90 408.675049 80.593208 0.000000 8.184688 2.078751 5.281693 15.013309 46.279240 0.002519
91 407.503326 81.277489 0.000000 8.373883 2.086422 5.331275 15.268851 47.503662 0.004254
92 406.060547 84.197983 0.000000 8.279143 2.106436 5.471433 16.037836 51.378941 0.002382
93 404.131104 84.801735 0.000000 8.431132 2.120858 5.513474 16.081001 50.965042 0.002070
94 401.307281 84.872368 0.000000 8.416201 2.085469 5.307500 15.090976 46.488194 0.002747
95 403.217560 85.866760 0.000000 8.281512 2.110509 5.472281 15.947598 50.592075 0.002304
96 405.088989 87.272560 0.000000 8.186740 2.073936 5.302646 15.283410 48.111004 0.002646
97 405.006073 88.042854 0.000000 8.741750 2.113204 5.528473 16.364614 53.047806 0.002564
98 407.751129 92.661148 0.000000 8.738862 2.025677 4.990806 13.684225 40.522446 0.002915
99 405.376709 94.023796 0.000000 8.723748 2.013359 4.953957 13.613430 40.530327 0.002320
100 406.519226 93.725838 0.000000 8.650997 1.980421 4.760592 12.707619 36.594479 0.002457
101 406.065521 94.700706 0.000000 8.345409 2.019508 4.979369 13.711103 40.923218 0.002475
102 405.668335 95.601196 0.000000 8.282758 1.970006 4.723222 12.604069 36.370239 0.002273
103 405.245636 96.411293 0.000000 8.199812 1.970650 4.740900 12.719218 36.953587 0.002237
104 405.674957 98.968788 0.000000 8.239285 2.059268 5.178566 14.557963 44.383553 0.002667
105 404.144226 101.069031 0.000000 8.111094 2.025829 5.040540 14.085717 42.873516 0.002427
106 400.601471 103.008690 0.000000 8.365872 2.061146 5.191710 14.644862 44.898182 0.004141
107 398.853088 104.436066 0.000000 8.262329 2.033296 5.015746 13.743317 40.592037 0.002421
108 399.946655 102.761650 0.000000 8.342295 2.073242 5.276412 15.088413 47.006344 0.004380
109 401.435974 104.560654 0.000000 8.320015 2.006676 4.910549 13.402680 39.612099 0.002310
110 401.579041 104.911514 0.000000 8.352765 2.018610 4.976188 13.701649 40.901360 0.002826
111 403.042328 107.137459 0.000000 8.192159 2.024977 5.049276 14.164375 43.330532 0.002208
112 404.862335 107.434624 0.000000 7.692257 1.917845 4.465883 11.551341 32.284882 0.002358
113 405.417725 105.024368 0.000000 7.432189 1.925261 4.581572 12.290400 36.061329 0.002857
114 406.653137 105.228432 0.000000 6.385510 1.843010 4.181916 10.731561 30.560268 0.002778
115 408.029175 105.378853 0.000000 5.642883 2.150020 6.119582 20.870304 80.886108 0.002160
116 409.038330 105.936005 0.000000 6.615531 2.586066 8.758006 34.136074 144.394028 0.002786
