175.94	1214.45
176.16	1214.45
176.38	1214.45
176.61	1643.06
176.83	1799.87
177.05	1943.23
177.27	2174.07
177.49	2334.39
177.71	2510.52
177.93	2502.62
178.15	2484.48
178.37	2540.36
178.59	2610.58
178.81	2552.35
179.03	2545.33
179.25	2526.02
179.47	2506.42
179.69	2530.70
179.91	2486.53
180.13	2432.99
180.35	2440.30
180.58	2486.82
180.80	2518.12
181.02	2513.44
181.24	2489.74
181.46	2491.50
181.68	2531.87
181.90	2517.54
182.12	2481.26
182.34	2456.68
182.56	2450.54
182.78	2442.64
183.00	2455.81
183.22	2441.76
183.44	2478.63
183.66	2497.94
183.88	2471.90
184.10	2501.74
184.32	2492.96
184.54	2438.55
184.76	2447.91
184.98	2436.50
185.20	2430.06
185.42	2437.38
185.64	2431.52
185.86	2453.76
186.08	2479.80
186.30	2452.30
186.52	2444.98
186.74	2465.17
186.96	2483.60
187.18	2505.84
187.40	2506.13
187.62	2545.33
187.84	2585.41
188.06	2615.84
188.28	2577.81
188.50	2581.32
188.72	2540.07
188.94	2516.37
189.16	2521.63
189.38	2475.99
189.60	2444.98
189.82	2455.51
190.04	2435.03
190.26	2423.92
190.48	2418.65
190.70	2378.57
190.92	2419.82
191.14	2430.35
191.36	2422.45
191.58	2445.57
191.80	2516.37
192.02	2525.44
192.24	2537.43
192.46	2519.88
192.68	2510.52
192.90	2496.77
193.12	2482.14
193.34	2406.66
193.56	2398.76
193.78	2409.87
194.00	2400.22
194.22	2386.76
194.44	2440.01
194.66	2455.22
194.88	2482.43
195.10	2516.08
195.32	2498.52
195.54	2498.81
195.76	2482.43
195.98	2447.62
196.20	2428.60
196.42	2450.54
196.64	2420.99
196.86	2427.14
197.08	2412.80
197.30	2422.45
197.51	2422.75
197.73	2450.83
197.95	2420.41
198.17	2451.71
198.39	2463.41
198.61	2524.85
198.83	2511.10
199.05	2492.67
199.27	2471.02
199.49	2454.05
199.71	2433.28
199.93	2463.12
200.15	2422.75
200.37	2447.32
200.59	2466.63
200.81	2453.76
201.03	2467.51
201.25	2451.13
201.46	2403.73
201.68	2428.89
201.90	2441.76
202.12	2424.79
202.34	2415.43
202.56	2455.81
202.78	2486.53
203.00	2508.18
203.22	2457.86
203.44	2461.66
203.66	2457.27
203.88	2484.77
204.10	2448.79
204.31	2450.25
204.53	2424.80
204.75	2437.08
204.97	2413.09
205.19	2442.35
205.41	2443.23
205.63	2452.88
205.85	2461.95
206.07	2495.01
206.29	2509.05
206.51	2531.87
206.73	2531.29
206.94	2525.73
207.16	2532.46
207.38	2480.97
207.60	2442.93
207.82	2440.30
208.04	2409.58
208.26	2386.18
208.48	2394.08
208.70	2356.92
208.91	2372.43
209.13	2368.91
209.35	2371.26
209.57	2394.66
209.79	2378.86
210.01	2367.16
210.23	2374.47
210.45	2389.69
210.67	2400.51
210.88	2396.42
211.10	2381.79
211.32	2436.79
211.54	2451.13
211.76	2473.36
211.98	2475.99
212.20	2499.69
212.42	2502.03
212.63	2489.45
212.85	2463.12
213.07	2440.89
213.29	2401.68
213.51	2373.60
213.73	2342.00
213.95	2343.75
214.17	2370.96
214.38	2373.60
214.60	2363.06
214.82	2393.49
215.04	2385.01
215.26	2376.23
215.48	2347.56
215.70	2331.47
215.91	2328.25
216.13	2363.36
216.35	2366.28
216.57	2430.94
216.79	2453.17
217.01	2472.78
217.23	2466.92
217.44	2465.17
217.66	2406.66
217.88	2408.41
218.10	2383.84
218.32	2370.38
218.54	2382.37
218.75	2375.35
218.97	2369.79
219.19	2425.09
219.41	2421.87
219.63	2425.67
219.85	2474.82
220.06	2467.80
220.28	2472.19
220.50	2465.46
220.72	2457.27
220.94	2471.02
221.16	2446.44
221.37	2413.38
221.59	2411.92
221.81	2445.27
222.03	2452.30
222.25	2425.67
222.46	2390.56
222.68	2439.42
222.90	2440.30
223.12	2424.50
223.34	2416.02
223.56	2423.62
223.77	2417.77
223.99	2391.73
224.21	2381.50
224.43	2368.62
224.65	2376.52
224.86	2359.55
225.08	2343.17
225.30	2391.44
225.52	2437.67
225.74	2388.52
225.95	2374.18
226.17	2402.85
226.39	2411.34
226.61	2461.95
226.83	2456.68
227.04	2459.61
227.26	2500.28
227.48	2524.56
227.70	2511.69
227.92	2482.14
228.13	2467.22
228.35	2466.63
228.57	2478.33
228.79	2471.31
229.00	2454.34
229.22	2442.93
229.44	2464.00
229.66	2462.83
229.88	2448.79
230.09	2411.04
230.31	2420.70
230.53	2439.72
230.75	2406.95
230.96	2418.94
231.18	2398.17
231.40	2432.99
231.62	2456.39
231.84	2412.21
232.05	2433.86
232.27	2477.46
232.49	2453.76
232.71	2434.74
232.92	2421.58
233.14	2440.01
233.36	2464.58
233.58	2420.41
233.79	2401.39
234.01	2410.46
234.23	2415.73
234.45	2385.01
234.66	2377.69
234.88	2388.22
235.10	2406.36
235.32	2412.21
235.53	2425.38
235.75	2438.55
235.97	2440.59
236.19	2434.45
236.40	2419.24
236.62	2454.64
236.84	2441.18
237.06	2434.16
237.27	2409.29
237.49	2440.59
237.71	2468.09
237.92	2441.47
238.14	2417.48
238.36	2428.60
238.58	2426.26
238.79	2426.26
239.01	2404.90
239.23	2384.13
239.45	2384.13
239.66	2383.25
239.88	2338.20
240.10	2353.41
240.31	2368.91
240.53	2379.15
240.75	2339.66
240.97	2361.31
241.18	2358.67
241.40	2417.48
241.62	2412.51
241.83	2420.41
242.05	2380.32
242.27	2380.03
242.49	2374.77
242.70	2383.84
242.92	2338.49
243.14	2359.26
243.35	2337.90
243.57	2387.93
243.79	2389.39
244.00	2408.70
244.22	2398.76
244.44	2442.35
244.66	2456.10
244.87	2492.09
245.09	2465.17
245.31	2518.42
245.52	2479.21
245.74	2472.48
245.96	2483.89
246.17	2402.27
246.39	2389.69
246.61	2380.03
246.82	2345.51
247.04	2366.57
247.26	2369.21
247.47	2351.95
247.69	2392.61
247.91	2387.64
248.13	2407.53
248.34	2424.50
248.56	2441.47
248.78	2441.76
248.99	2434.74
249.21	2460.49
249.43	2434.74
249.64	2437.96
249.86	2408.41
250.08	2368.62
250.29	2378.28
250.51	2400.80
250.73	2363.65
250.94	2365.40
251.16	2387.93
251.37	2410.17
251.59	2447.91
251.81	2431.82
252.02	2406.95
252.24	2455.51
252.46	2457.86
252.67	2412.80
252.89	2389.10
253.11	2368.33
253.32	2363.36
253.54	2370.38
253.76	2333.22
253.97	2353.12
254.19	2353.70
254.41	2344.63
254.62	2330.88
254.84	2349.61
255.05	2313.91
255.27	2286.12
255.49	2289.92
255.70	2298.11
255.92	2311.86
256.14	2307.77
256.35	2286.12
256.57	2310.69
256.79	2340.24
257.00	2329.13
257.22	2335.56
257.43	2377.11
257.65	2387.35
257.87	2406.66
258.08	2410.46
258.30	2412.51
258.51	2410.75
258.73	2386.47
258.95	2342.88
259.16	2355.16
259.38	2364.82
259.60	2349.61
259.81	2356.04
260.03	2367.74
260.24	2396.71
260.46	2404.02
260.68	2406.66
260.89	2383.84
261.11	2422.75
261.32	2383.54
261.54	2374.47
261.76	2360.72
261.97	2376.23
262.19	2392.91
262.40	2375.64
262.62	2341.71
262.84	2353.70
263.05	2356.63
263.27	2378.86
263.48	2375.06
263.70	2358.67
263.91	2355.75
264.13	2352.24
264.35	2385.88
264.56	2384.71
264.78	2369.79
264.99	2361.89
265.21	2365.40
265.43	2385.30
265.64	2417.19
265.86	2418.07
266.07	2420.99
266.29	2414.26
266.50	2431.52
266.72	2448.49
266.94	2442.06
267.15	2403.15
267.37	2372.72
267.58	2376.52
267.80	2368.91
268.01	2342.88
268.23	2325.03
268.44	2330.59
268.66	2342.00
268.88	2341.71
269.09	2356.92
269.31	2366.28
269.52	2378.57
269.74	2374.18
269.95	2361.02
270.17	2372.13
270.38	2389.98
270.60	2391.15
270.82	2396.12
271.03	2373.60
271.25	2380.91
271.46	2420.41
271.68	2412.51
271.89	2437.96
272.11	2422.75
272.32	2432.11
272.54	2439.72
272.75	2467.22
272.97	2436.50
273.18	2433.57
273.40	2370.08
273.62	2359.55
273.83	2354.87
274.05	2365.99
274.26	2319.47
274.48	2356.33
274.69	2373.89
274.91	2378.86
275.12	2386.76
275.34	2393.78
275.55	2397.59
275.77	2387.93
275.98	2362.48
276.20	2368.33
276.41	2374.47
276.63	2350.48
276.84	2362.19
277.06	2375.94
277.27	2391.73
277.49	2339.95
277.70	2291.97
277.92	2313.91
278.13	2324.44
278.35	2297.53
278.56	2265.64
278.78	2259.20
278.99	2311.86
279.21	2327.66
279.42	2312.16
279.64	2351.36
279.85	2359.85
280.07	2349.61
280.28	2365.11
280.50	2363.94
280.71	2400.22
280.93	2410.46
281.14	2374.47
281.36	2363.94
281.57	2396.71
281.79	2376.81
282.00	2375.35
282.22	2353.99
282.43	2344.05
282.65	2322.40
282.86	2322.69
283.08	2334.10
283.29	2343.46
283.51	2327.96
283.72	2317.72
283.94	2339.95
284.15	2376.23
284.36	2372.72
284.58	2328.25
284.79	2347.26
285.01	2365.99
285.22	2363.36
285.44	2344.92
285.65	2344.05
285.87	2345.22
286.08	2366.28
286.30	2344.05
286.51	2331.76
286.73	2356.33
286.94	2368.33
287.15	2365.40
287.37	2389.39
287.58	2405.49
287.80	2398.17
288.01	2386.47
288.23	2365.99
288.44	2339.07
288.66	2332.05
288.87	2284.36
289.08	2281.14
289.30	2279.10
289.51	2279.10
289.73	2276.17
289.94	2272.66
290.16	2269.15
290.37	2309.52
290.58	2252.47
290.80	2258.91
291.01	2302.21
291.23	2298.41
291.44	2311.86
291.66	2316.55
291.87	2306.60
292.08	2329.71
292.30	2315.08
292.51	2304.26
292.73	2301.62
292.94	2325.32
293.16	2322.10
293.37	2327.08
293.58	2364.82
293.80	2395.83
294.01	2379.15
294.23	2399.63
294.44	2400.22
294.65	2434.16
294.87	2403.44
295.08	2401.68
295.30	2391.44
295.51	2391.15
295.72	2405.19
295.94	2416.60
296.15	2389.10
296.37	2418.07
296.58	2394.66
296.79	2387.64
297.01	2399.63
297.22	2362.19
297.44	2310.40
297.65	2300.75
297.86	2304.55
298.08	2308.06
298.29	2325.61
298.51	2320.06
298.72	2332.05
298.93	2342.00
299.15	2328.25
299.36	2332.05
299.57	2347.56
299.79	2340.24
300.00	2353.99
300.22	2397.00
300.43	2415.14
300.64	2419.82
300.86	2377.98
301.07	2384.42
301.28	2397.88
301.50	2379.74
301.71	2352.53
301.93	2352.24
302.14	2358.38
302.35	2372.13
302.57	2321.81
302.78	2298.70
302.99	2306.31
303.21	2307.48
303.42	2294.60
303.63	2292.85
303.85	2319.18
304.06	2350.19
304.28	2365.70
304.49	2373.01
304.70	2373.30
304.92	2371.84
305.13	2399.63
305.34	2377.40
305.56	2434.74
305.77	2415.73
305.98	2372.43
306.20	2373.60
306.41	2389.10
306.62	2358.97
306.84	2358.38
307.05	2316.84
307.26	2358.67
307.48	2363.36
307.69	2370.08
307.90	2358.38
308.12	2396.12
308.33	2374.77
308.54	2338.20
308.76	2314.79
308.97	2333.22
309.18	2305.43
309.40	2279.97
309.61	2259.49
309.82	2259.79
310.04	2284.07
310.25	2234.33
310.46	2225.56
310.67	2240.19
310.89	2267.69
311.10	2242.53
311.31	2282.61
311.53	2279.97
311.74	2330.88
311.95	2334.98
312.17	2341.71
312.38	2346.39
312.59	2359.85
312.81	2315.96
313.02	2338.78
313.23	2325.61
313.44	2325.32
313.66	2315.37
313.87	2312.74
314.08	2316.55
314.30	2332.34
314.51	2300.16
314.72	2311.57
314.93	2273.25
315.15	2236.97
315.36	2237.55
315.57	2222.92
315.79	2231.12
316.00	2236.67
316.21	2196.59
316.42	2227.60
316.64	2274.12
316.85	2291.97
317.06	2313.03
317.28	2328.83
317.49	2352.24
317.70	2345.22
317.91	2346.97
318.13	2329.42
318.34	2322.40
318.55	2304.26
318.76	2288.75
318.98	2267.98
319.19	2329.13
319.40	2322.40
319.62	2340.83
319.83	2365.40
320.04	2383.25
320.25	2396.71
320.47	2375.64
320.68	2394.37
320.89	2434.16
321.10	2412.51
321.32	2342.29
321.53	2338.78
321.74	2330.30
321.95	2342.00
322.17	2288.46
322.38	2281.73
322.59	2287.00
322.80	2316.55
323.02	2296.36
323.23	2302.21
323.44	2345.51
323.65	2340.83
323.86	2328.83
324.08	2355.16
324.29	2389.39
324.50	2401.10
324.71	2387.93
324.93	2347.85
325.14	2390.27
325.35	2395.25
325.56	2360.14
325.78	2359.26
325.99	2377.11
326.20	2359.26
326.41	2359.55
326.62	2339.95
326.84	2360.72
327.05	2370.96
327.26	2335.27
327.47	2325.03
327.69	2343.17
327.90	2344.63
328.11	2320.06
328.32	2298.99
328.53	2327.96
328.75	2338.20
328.96	2345.51
329.17	2372.13
329.38	2379.15
329.59	2392.03
329.81	2358.97
330.02	2345.51
330.23	2360.43
330.44	2329.42
330.65	2330.59
330.87	2358.09
331.08	2368.04
331.29	2398.17
331.50	2356.63
331.71	2341.71
331.92	2378.28
332.14	2358.09
332.35	2314.20
332.56	2327.37
332.77	2344.92
332.98	2355.75
333.20	2337.02
333.41	2369.79
333.62	2361.31
333.83	2370.08
334.04	2336.44
334.25	2334.98
334.47	2355.46
334.68	2360.43
334.89	2296.07
335.10	2310.69
335.31	2337.61
335.52	2368.04
335.74	2343.17
335.95	2323.27
336.16	2359.55
336.37	2357.21
336.58	2335.85
336.79	2328.25
337.01	2333.22
337.22	2306.31
337.43	2324.74
337.64	2329.13
337.85	2327.08
338.06	2322.69
338.28	2291.97
338.49	2305.43
338.70	2346.68
338.91	2354.87
339.12	2327.37
339.33	2354.87
339.54	2375.06
339.76	2352.24
339.97	2323.27
340.18	2327.37
340.39	2306.60
340.60	2303.09
340.81	2304.84
341.02	2342.58
341.23	2398.46
341.45	2391.73
341.66	2375.35
341.87	2414.85
342.08	2416.60
342.29	2390.86
342.50	2319.47
342.71	2311.57
342.92	2338.78
343.14	2353.12
343.35	2307.18
343.56	2315.96
343.77	2336.44
343.98	2357.80
344.19	2320.35
344.40	2317.42
344.61	2343.75
344.82	2343.46
345.04	2329.13
345.25	2330.00
345.46	2353.99
345.67	2388.81
345.88	2376.23
346.09	2337.32
346.30	2335.56
346.51	2321.23
346.72	2325.32
346.94	2307.77
347.15	2334.98
347.36	2327.96
347.57	2318.30
347.78	2357.80
347.99	2394.66
348.20	2369.79
348.41	2360.43
348.62	2347.85
348.83	2375.35
349.04	2389.69
349.25	2362.19
349.47	2356.04
349.68	2373.60
349.89	2392.03
350.10	2365.40
350.31	2343.75
350.52	2344.63
350.73	2337.61
350.94	2330.00
351.15	2348.14
351.36	2367.16
351.57	2389.39
351.78	2365.70
351.99	2367.16
352.21	2368.91
352.42	2380.62
352.63	2369.50
352.84	2367.45
353.05	2364.53
353.26	2350.19
353.47	2337.32
353.68	2340.83
353.89	2329.42
354.10	2295.19
354.31	2254.52
354.52	2262.71
354.73	2315.67
354.94	2306.01
355.15	2339.95
355.36	2355.46
355.57	2408.12
355.78	2419.24
355.99	2400.22
356.20	2399.63
356.42	2423.62
356.63	2370.67
356.84	2362.77
357.05	2338.78
357.26	2318.01
357.47	2341.71
357.68	2323.27
357.89	2337.61
358.10	2376.23
358.31	2353.41
358.52	2324.44
358.73	2377.40
358.94	2364.53
359.15	2356.92
359.36	2329.13
359.57	2360.14
359.78	2371.55
359.99	2410.75
360.20	2375.35
360.41	2365.99
360.62	2404.02
360.83	2381.79
361.04	2310.11
361.25	2337.02
361.46	2358.97
361.67	2368.04
361.88	2342.88
362.09	2353.41
362.30	2411.63
362.51	2413.68
362.72	2365.70
362.93	2361.60
363.14	2391.15
363.35	2401.10
363.56	2340.24
363.77	2336.15
363.98	2411.04
364.19	2425.67
364.40	2402.56
364.61	2419.24
364.82	2473.95
365.03	2486.53
365.24	2440.59
365.45	2417.77
365.66	2478.63
365.87	2466.92
366.08	2406.66
366.29	2362.48
366.50	2403.73
366.71	2439.13
366.92	2392.03
367.13	2331.17
367.34	2370.67
367.55	2383.84
367.76	2366.57
367.97	2337.32
368.18	2342.00
368.39	2338.78
368.60	2390.86
368.81	2362.19
369.01	2380.03
369.22	2380.62
369.43	2377.11
369.64	2379.74
369.85	2420.99
370.06	2351.07
370.27	2326.79
370.48	2319.76
370.69	2313.03
370.90	2289.04
371.11	2251.89
371.32	2260.08
371.53	2344.05
371.74	2332.93
371.95	2285.24
372.16	2329.13
372.37	2383.84
372.58	2380.32
372.79	2353.12
372.99	2317.42
373.20	2384.42
373.41	2395.54
373.62	2373.89
373.83	2339.37
374.04	2385.30
374.25	2353.41
374.46	2327.08
374.67	2330.00
374.88	2382.96
375.09	2363.36
375.30	2346.39
375.51	2370.67
375.72	2447.32
375.92	2435.62
376.13	2363.06
376.34	2363.94
376.55	2398.17
376.76	2437.38
376.97	2373.01
377.18	2342.88
377.39	2393.20
377.60	2430.65
377.81	2418.07
378.02	2420.11
378.22	2415.73
378.43	2460.49
378.64	2438.84
378.85	2411.04
379.06	2422.75
379.27	2398.76
379.48	2371.55
379.69	2385.01
379.90	2410.75
380.11	2434.74
380.31	2449.37
380.52	2465.75
380.73	2505.84
380.94	2513.44
381.15	2492.38
381.36	2447.03
381.57	2449.96
381.78	2406.36
381.99	2380.03
382.19	2347.26
382.40	2352.53
382.61	2336.73
382.82	2313.91
383.03	2306.01
383.24	2315.37
383.45	2296.36
383.65	2283.78
383.86	2279.10
384.07	2303.67
384.28	2297.24
384.49	2286.70
384.70	2320.93
384.91	2353.70
385.12	2367.74
385.32	2348.44
385.53	2339.07
385.74	2355.16
385.95	2340.24
386.16	2303.67
386.37	2284.66
386.58	2296.07
386.78	2300.16
386.99	2283.19
387.20	2308.06
387.41	2369.21
387.62	2374.77
387.83	2399.34
388.03	2374.18
388.24	2421.28
388.45	2405.78
388.66	2373.89
388.87	2365.99
389.08	2363.06
389.28	2337.61
389.49	2334.10
389.70	2318.89
389.91	2372.13
390.12	2364.23
390.33	2325.03
390.53	2353.41
390.74	2368.62
390.95	2382.96
391.16	2360.43
391.37	2352.24
391.58	2363.94
391.78	2359.26
391.99	2329.13
392.20	2310.69
392.41	2318.59
392.62	2301.04
392.82	2259.49
393.03	2294.31
393.24	2332.05
393.45	2311.57
393.66	2296.36
393.87	2305.14
394.07	2346.68
394.28	2369.79
394.49	2357.50
394.70	2331.17
394.91	2387.05
395.11	2387.35
395.32	2354.87
395.53	2373.89
395.74	2373.89
395.94	2373.01
396.15	2345.51
396.36	2356.92
396.57	2407.53
396.78	2413.09
396.98	2354.87
397.19	2346.09
397.40	2376.52
397.61	2388.52
397.82	2332.64
398.02	2307.77
398.23	2343.17
398.44	2356.63
398.65	2341.71
398.85	2315.37
399.06	2351.36
399.27	2366.57
399.48	2364.53
399.69	2379.74
399.89	2399.34
400.10	2418.94
400.31	2387.93
400.52	2383.54
400.72	2407.53
400.93	2388.81
401.14	2337.02
401.35	2337.90
401.55	2378.28
401.76	2368.04
401.97	2325.32
402.18	2341.71
402.38	2371.55
402.59	2393.20
402.80	2349.61
403.01	2351.36
403.21	2355.16
403.42	2345.80
403.63	2330.59
403.84	2362.19
404.04	2356.92
404.25	2380.32
404.46	2321.52
404.67	2350.19
404.87	2404.90
405.08	2376.23
405.29	2319.18
405.50	2355.46
405.70	2412.80
405.91	2425.97
406.12	2412.80
406.32	2432.11
406.53	2459.90
406.74	2448.20
406.95	2389.10
407.15	2343.75
407.36	2366.28
407.57	2356.92
407.77	2296.94
407.98	2291.97
408.19	2328.83
408.40	2327.66
408.60	2310.40
408.81	2315.37
409.02	2363.36
409.22	2357.50
409.43	2342.00
409.64	2327.66
409.85	2363.65
410.05	2353.70
410.26	2322.69
410.47	2331.47
410.67	2379.15
410.88	2357.50
411.09	2326.49
411.29	2338.78
411.50	2379.74
411.71	2370.08
411.92	2312.45
412.12	2305.14
412.33	2367.45
412.54	2385.01
412.74	2382.96
412.95	2406.95
413.16	2435.91
413.36	2424.80
413.57	2428.31
413.78	2391.15
413.98	2434.45
414.19	2423.04
414.40	2388.81
414.60	2383.54
414.81	2409.29
415.02	2375.06
415.22	2353.41
415.43	2358.09
415.64	2370.67
415.84	2358.97
416.05	2353.70
416.26	2380.62
416.46	2390.27
416.67	2395.25
416.88	2359.55
417.08	2337.90
417.29	2377.69
417.50	2399.34
417.70	2340.24
417.91	2346.97
418.12	2381.50
418.32	2365.70
418.53	2348.44
418.74	2339.07
418.94	2337.61
419.15	2353.41
419.36	2327.96
419.56	2329.42
419.77	2370.67
419.97	2364.53
420.18	2354.87
420.39	2373.60
420.59	2417.77
420.80	2453.76
421.01	2445.27
421.21	2455.51
421.42	2479.80
421.63	2472.48
421.83	2444.69
422.04	2423.92
422.24	2443.52
422.45	2407.24
422.66	2369.50
422.86	2413.09
423.07	2428.60
423.28	2411.63
423.48	2386.76
423.69	2393.49
423.89	2424.80
424.10	2417.77
424.31	2372.13
424.51	2364.53
424.72	2391.44
424.92	2409.29
425.13	2356.04
425.34	2359.26
425.54	2399.93
425.75	2380.32
425.95	2364.53
426.16	2349.61
426.37	2363.06
426.57	2355.75
426.78	2321.52
426.98	2299.87
427.19	2345.51
427.40	2324.44
427.60	2285.24
427.81	2264.18
428.01	2321.52
428.22	2329.13
428.43	2315.08
428.63	2299.28
428.84	2341.41
429.04	2354.87
429.25	2336.15
429.45	2337.32
429.66	2374.18
429.87	2366.57
430.07	2339.37
430.28	2359.55
430.48	2384.71
430.69	2377.11
430.89	2326.79
431.10	2323.27
431.31	2333.22
431.51	2335.85
431.72	2275.88
431.92	2295.77
432.13	2351.65
432.33	2340.83
432.54	2323.27
432.74	2352.82
432.95	2408.41
433.16	2410.46
433.36	2381.50
433.57	2354.58
433.77	2420.99
433.98	2430.06
434.18	2392.32
434.39	2380.32
434.59	2430.65
434.80	2412.51
435.01	2427.43
435.21	2375.35
435.42	2402.56
435.62	2384.13
435.83	2334.68
436.03	2332.05
436.24	2388.22
436.44	2362.19
436.65	2371.26
436.85	2345.22
437.06	2388.81
437.26	2410.46
437.47	2353.41
437.67	2307.77
437.88	2328.83
438.08	2322.10
438.29	2309.52
438.50	2308.06
438.70	2332.34
438.91	2366.87
439.11	2346.68
439.32	2365.40
439.52	2377.69
439.73	2369.21
439.93	2363.36
440.14	2346.68
440.34	2363.94
440.55	2412.21
440.75	2360.14
440.96	2387.35
441.16	2407.24
441.37	2387.64
441.57	2359.85
441.78	2343.17
441.98	2321.52
442.19	2348.44
442.39	2325.03
442.60	2310.69
442.80	2316.55
443.01	2486.53
443.21	2451.71
443.42	2499.98
443.62	2478.92
443.83	2483.89
444.03	2490.33
444.23	2647.15
444.44	2503.79
444.64	2535.39
444.85	2488.87
445.05	2534.80
445.26	2561.13
445.46	2560.25
445.67	2435.62
445.87	2456.98
446.08	2443.52
446.28	2442.06
446.49	2425.09
446.69	2407.83
446.90	2470.73
447.10	2443.23
447.31	2444.10
447.51	2483.89
447.71	2492.96
447.92	2485.36
448.12	2468.68
448.33	2449.66
448.53	2498.23
448.74	2472.78
448.94	2437.38
449.15	2440.30
449.35	2448.49
449.56	2430.94
449.76	2392.91
449.96	2361.60
450.17	2383.84
450.37	2392.32
450.58	2394.66
450.78	2350.78
450.99	2372.72
451.19	2371.26
451.39	2349.02
451.60	2332.05
451.80	2330.88
452.01	2332.05
452.21	2348.73
452.42	2338.20
452.62	2340.24
452.82	2328.54
453.03	2312.74
453.23	2319.47
453.44	2326.49
453.64	2348.14
453.85	2339.95
454.05	2344.05
454.25	2380.03
454.46	2389.10
454.66	2401.10
454.87	2404.32
455.07	2442.35
455.27	2427.14
455.48	2404.90
455.68	2372.72
455.89	2381.20
456.09	2342.00
456.29	2295.19
456.50	2251.60
456.70	2290.21
456.91	2300.16
457.11	2278.51
457.31	2282.02
457.52	2342.58
457.72	2383.84
457.93	2413.09
458.13	2437.96
458.33	2475.70
458.54	2511.98
458.74	2499.69
458.95	2472.48
459.15	2464.00
459.35	2440.59
459.56	2391.15
459.76	2382.67
459.96	2399.93
460.17	2399.05
460.37	2385.59
460.58	2388.52
460.78	2406.66
460.98	2434.74
461.19	2414.85
461.39	2440.30
461.59	2472.19
461.80	2481.55
462.00	2477.75
462.21	2468.97
462.41	2478.04
462.61	2451.42
462.82	2411.63
463.02	2389.69
463.22	2381.50
463.43	2366.28
463.63	2351.65
463.83	2355.75
464.04	2382.37
464.24	2351.95
464.44	2310.40
464.65	2329.13
464.85	2374.77
465.05	2370.96
465.26	2410.75
465.46	2403.44
465.66	2443.81
465.87	2469.27
466.07	2448.79
466.27	2451.71
466.48	2483.60
466.68	2437.38
466.88	2460.20
467.09	2479.51
467.29	2501.74
467.49	2489.45
467.70	2466.92
467.90	2466.34
468.10	2454.05
468.31	2405.19
468.51	2381.50
468.71	2387.05
468.92	2413.09
469.12	2396.12
469.32	2349.31
469.53	2342.88
469.73	2392.03
469.93	2381.79
470.14	2344.63
470.34	2335.85
470.54	2372.43
470.74	2367.74
470.95	2349.61
471.15	2359.85
471.35	2373.30
471.56	2368.33
471.76	2359.26
471.96	2332.34
472.17	2375.64
472.37	2361.60
472.57	2337.02
472.77	2378.57
472.98	2408.70
473.18	2419.24
473.38	2413.38
473.59	2393.20
473.79	2451.71
473.99	2445.86
474.19	2397.88
474.40	2406.36
474.60	2415.73
474.80	2416.02
475.01	2401.97
475.21	2391.73
475.41	2405.78
475.61	2391.15
475.82	2375.35
476.02	2372.13
476.22	2400.22
476.42	2442.06
476.63	2413.09
476.83	2411.92
477.03	2444.10
477.24	2407.24
477.44	2394.66
477.64	2379.74
477.84	2365.11
478.05	2357.50
478.25	2341.71
478.45	2329.71
478.65	2403.73
478.86	2398.46
479.06	2361.31
479.26	2371.84
479.46	2402.85
479.67	2398.17
479.87	2399.05
480.07	2345.80
480.27	2366.87
480.48	2361.60
480.68	2354.58
480.88	2337.02
481.08	2356.63
481.28	2372.13
481.49	2394.37
481.69	2392.91
481.89	2447.03
482.09	2442.35
482.30	2465.17
482.50	2459.32
482.70	2441.47
482.90	2440.89
483.11	2387.93
483.31	2359.55
483.51	2380.32
483.71	2370.96
483.91	2370.38
484.12	2397.29
484.32	2428.31
484.52	2464.88
484.72	2484.19
484.92	2501.15
485.13	2484.48
485.33	2534.80
485.53	2474.53
485.73	2460.20
485.93	2466.92
486.14	2458.44
486.34	2405.78
486.54	2377.69
486.74	2360.14
486.94	2397.00
487.15	2364.53
487.35	2387.35
487.55	2385.88
487.75	2383.54
487.95	2415.14
488.16	2370.67
488.36	2375.35
488.56	2371.84
488.76	2340.24
488.96	2315.67
489.17	2341.41
489.37	2385.88
489.57	2400.22
489.77	2400.80
489.97	2435.62
490.17	2452.30
490.38	2455.22
490.58	2442.35
490.78	2415.73
490.98	2406.07
491.18	2392.03
491.38	2369.50
491.59	2355.16
491.79	2382.96
491.99	2373.60
492.19	2363.36
492.39	2379.74
492.59	2417.77
492.80	2408.70
493.00	2425.09
493.20	2414.26
493.40	2412.21
493.60	2398.17
493.80	2385.01
494.00	2334.98
494.21	2361.02
494.41	2347.85
494.61	2356.04
494.81	2317.72
495.01	2353.41
495.21	2337.90
495.41	2339.95
495.62	2314.79
495.82	2332.05
496.02	2302.79
496.22	2347.56
496.42	2333.51
496.62	2336.44
496.82	2334.98
497.02	2384.13
497.23	2363.65
497.43	2386.76
497.63	2368.62
497.83	2376.23
498.03	2414.85
498.23	2398.17
498.43	2340.24
498.63	2352.24
498.84	2343.17
499.04	2369.79
499.24	2346.68
499.44	2315.37
499.64	2358.38
499.84	2380.91
500.04	2381.50
500.24	2373.01
500.44	2378.57
500.65	2371.55
500.85	2382.67
501.05	2375.64
501.25	2380.62
501.45	2394.37
501.65	2441.47
501.85	2458.44
502.05	2487.70
502.25	2498.81
502.45	2498.52
502.65	2494.13
502.86	2515.78
503.06	2494.72
503.26	2448.49
503.46	2453.76
503.66	2457.27
503.86	2442.64
504.06	2424.21
504.26	2412.80
504.46	2419.24
504.66	2452.30
504.86	2420.99
505.06	2404.02
505.26	2401.97
505.47	2438.55
505.67	2437.08
505.87	2418.36
506.07	2403.44
506.27	2421.28
506.47	2400.22
506.67	2431.82
506.87	2408.12
507.07	2373.01
507.27	2344.05
507.47	2330.88
507.67	2337.61
507.87	2349.31
508.07	2340.54
508.27	2369.50
508.47	2383.54
508.67	2427.14
508.87	2441.47
509.08	2426.84
509.28	2452.59
509.48	2448.79
509.68	2439.13
509.88	2447.03
510.08	2444.98
510.28	2444.98
510.48	2425.97
510.68	2426.26
510.88	2428.60
511.08	2404.90
511.28	2358.97
511.48	2356.92
511.68	2353.70
511.88	2401.97
512.08	2371.26
512.28	2358.67
512.48	2373.60
512.68	2402.56
512.88	2432.40
513.08	2435.03
513.28	2435.03
513.48	2421.58
513.68	2420.41
513.88	2439.72
514.08	2436.50
514.28	2419.24
514.48	2409.87
514.68	2385.01
514.88	2419.53
515.08	2450.25
515.28	2427.72
515.48	2420.99
515.68	2409.87
515.88	2422.45
516.08	2419.53
516.28	2440.01
516.48	2405.78
516.68	2386.18
516.88	2375.35
517.08	2374.18
517.28	2369.50
517.48	2383.54
517.68	2362.48
517.88	2406.07
518.08	2438.84
518.28	2456.10
518.48	2434.74
518.68	2435.91
518.88	2428.31
519.08	2456.68
519.28	2396.71
519.48	2397.59
519.68	2441.76
519.88	2457.86
520.08	2464.29
520.28	2467.22
520.48	2436.21
520.68	2464.88
520.88	2427.14
521.08	2381.50
521.28	2410.75
521.47	2372.43
521.67	2346.97
521.87	2331.76
522.07	2334.10
522.27	2362.48
522.47	2370.67
522.67	2349.02
522.87	2379.45
523.07	2387.93
523.27	2405.49
523.47	2388.22
523.67	2364.53
523.87	2349.90
524.07	2331.47
524.27	2338.49
524.47	2353.41
524.67	2349.61
524.87	2350.48
525.06	2381.20
525.26	2391.15
525.46	2398.17
525.66	2381.79
525.86	2395.54
526.06	2380.91
526.26	2404.32
526.46	2371.84
526.66	2378.57
526.86	2372.43
527.06	2403.15
527.26	2377.11
527.46	2401.68
527.65	2410.46
527.85	2401.39
528.05	2372.72
528.25	2387.64
528.45	2356.63
528.65	2376.23
528.85	2362.48
529.05	2348.73
529.25	2382.37
529.45	2435.03
529.65	2433.57
529.84	2442.64
530.04	2449.37
530.24	2433.86
530.44	2426.84
530.64	2429.48
530.84	2383.54
531.04	2351.36
531.24	2470.73
531.44	2458.15
531.63	2536.26
531.83	2535.68
532.03	2499.11
532.23	2520.76
532.43	2585.41
532.63	2475.12
532.83	2465.75
533.03	2403.44
533.22	2417.48
533.42	2461.95
533.62	2471.61
533.82	2453.47
534.02	2460.49
534.22	2478.33
534.42	2448.20
534.62	2444.69
534.81	2432.40
535.01	2420.99
535.21	2386.47
535.41	2384.71
535.61	2373.01
535.81	2367.45
536.01	2347.85
536.20	2351.65
536.40	2348.73
536.60	2383.84
536.80	2353.41
537.00	2399.05
537.20	2442.06
537.39	2447.03
537.59	2435.91
537.79	2463.41
537.99	2488.87
538.19	2519.59
538.39	2456.98
538.59	2465.75
538.78	2500.28
538.98	2498.81
539.18	2485.06
539.38	2461.37
539.58	2434.45
539.78	2422.75
539.97	2401.10
540.17	2353.12
540.37	2392.03
540.57	2375.35
540.77	2369.21
540.96	2417.77
541.16	2440.01
541.36	2443.52
541.56	2503.20
541.76	2485.65
541.96	2496.18
542.15	2512.86
542.35	2467.51
542.55	2480.09
542.75	2497.35
542.95	2458.44
543.14	2427.14
543.34	2446.15
543.54	2396.12
543.74	2389.69
543.94	2370.38
544.13	2347.26
544.33	2349.90
544.53	2365.40
544.73	2337.61
544.93	2368.62
545.12	2382.37
545.32	2358.67
545.52	2359.55
545.72	2385.30
545.91	2400.80
546.11	2394.08
546.31	2388.81
546.51	2397.88
546.71	2443.52
546.90	2442.06
547.10	2408.12
547.30	2396.71
547.50	2439.72
547.69	2439.72
547.89	2438.25
548.09	2432.40
548.29	2456.10
548.49	2468.68
548.68	2452.30
548.88	2443.81
549.08	2436.21
549.28	2418.07
549.47	2406.66
549.67	2396.12
549.87	2422.16
550.07	2441.18
550.26	2415.43
550.46	2416.31
550.66	2444.40
550.86	2450.25
551.05	2454.05
551.25	2412.21
551.45	2425.67
551.65	2434.16
551.84	2430.35
552.04	2424.50
552.24	2425.38
552.44	2398.17
552.63	2416.90
552.83	2410.17
553.03	2386.47
553.22	2387.93
553.42	2397.88
553.62	2389.10
553.82	2400.51
554.01	2374.47
554.21	2357.80
554.41	2376.81
554.61	2343.46
554.80	2315.37
555.00	2301.92
555.20	2310.40
555.39	2297.24
555.59	2298.41
555.79	2307.77
555.99	2355.75
556.18	2395.54
556.38	2397.00
556.58	2430.06
556.77	2451.42
556.97	2459.03
557.17	2462.24
557.37	2447.03
557.56	2432.40
557.76	2469.85
557.96	2456.39
558.15	2458.44
558.35	2492.67
558.55	2483.89
558.74	2462.83
558.94	2434.45
559.14	2445.57
559.33	2479.80
559.53	2477.75
559.73	2409.00
559.93	2412.80
560.12	2440.01
560.32	2445.57
560.52	2377.98
560.71	2324.74
560.91	2319.47
561.11	2335.56
561.30	2346.09
561.50	2337.90
561.70	2375.06
561.89	2393.78
562.09	2396.42
562.29	2405.19
562.48	2499.40
562.68	2489.45
562.88	2484.48
563.07	2478.92
563.27	2494.13
563.47	2465.75
563.66	2477.16
563.86	2371.84
564.06	2359.85
564.25	2392.32
564.45	2356.04
564.64	2337.61
564.84	2352.24
565.04	2328.83
565.23	2341.41
565.43	2365.70
565.63	2363.65
565.82	2376.52
566.02	2387.64
566.22	2403.15
566.41	2429.18
566.61	2439.13
566.81	2399.05
567.00	2389.98
567.20	2397.29
567.39	2394.66
567.59	2405.19
567.79	2406.36
567.98	2409.29
568.18	2437.96
568.38	2427.43
568.57	2425.67
568.77	2435.91
568.96	2404.32
569.16	2354.87
569.36	2340.54
569.55	2310.40
569.75	2302.21
569.94	2270.90
570.14	2273.83
570.34	2288.75
570.53	2327.96
570.73	2337.90
570.92	2364.23
571.12	2377.69
571.32	2403.73
571.51	2415.43
571.71	2421.87
571.90	2437.38
572.10	2451.13
572.30	2453.47
572.49	2462.83
572.69	2455.22
572.88	2447.32
573.08	2429.18
573.28	2417.77
573.47	2386.18
573.67	2359.85
573.86	2325.61
574.06	2310.69
574.26	2315.37
574.45	2320.93
574.65	2292.85
574.84	2319.76
575.04	2317.72
575.23	2328.54
575.43	2338.20
575.63	2325.32
575.82	2328.83
576.02	2368.33
576.21	2371.26
576.41	2399.93
576.60	2423.33
576.80	2407.83
576.99	2419.24
577.19	2430.06
577.39	2421.87
577.58	2407.24
577.78	2394.66
577.97	2392.03
578.17	2405.19
578.36	2380.62
578.56	2357.80
578.75	2343.17
578.95	2354.58
579.15	2344.05
579.34	2333.22
579.54	2335.56
579.73	2371.26
579.93	2356.63
580.12	2353.12
580.32	2351.07
580.51	2374.18
580.71	2335.27
580.90	2365.11
581.10	2348.44
581.29	2384.71
581.49	2400.22
581.68	2372.72
581.88	2397.00
582.07	2492.96
582.27	2483.31
582.47	2472.19
582.66	2460.78
582.86	2447.03
583.05	2468.09
583.25	2439.72
583.44	2379.15
583.64	2361.60
583.83	2387.35
584.03	2419.82
584.22	2422.45
584.42	2439.72
584.61	2431.23
584.81	2430.65
585.00	2475.99
585.20	2470.44
585.39	2435.33
585.59	2459.32
585.78	2478.92
585.98	2517.54
586.17	2521.34
586.37	2525.15
586.56	2542.99
586.76	2608.23
586.95	2610.87
587.15	2592.73
587.34	2573.13
587.54	2604.14
587.73	2572.25
587.92	2579.27
588.12	2543.28
588.31	2555.87
588.51	2583.95
588.70	2573.71
588.90	2564.35
589.09	2579.86
589.29	2564.93
589.48	2538.90
589.68	2497.06
589.87	2482.72
590.07	2468.68
590.26	2461.07
590.46	2471.61
590.65	2443.81
590.84	2455.51
591.04	2461.07
591.23	2446.15
591.43	2437.08
591.62	2391.15
591.82	2348.73
592.01	2368.04
592.21	2399.34
592.40	2377.98
592.59	2387.05
592.79	2399.05
592.98	2437.08
593.18	2441.76
593.37	2450.54
593.57	2431.23
593.76	2452.00
593.96	2414.26
594.15	2391.44
594.34	2401.10
594.54	2436.21
594.73	2406.36
594.93	2358.09
595.12	2358.97
595.32	2393.78
595.51	2426.26
595.70	2428.01
595.90	2405.78
596.09	2432.11
596.29	2448.20
596.48	2443.52
596.67	2440.30
596.87	2438.84
597.06	2430.94
597.26	2443.52
597.45	2459.90
597.65	2489.74
597.84	2460.49
598.03	2444.40
598.23	2435.33
598.42	2433.86
598.62	2401.97
598.81	2383.25
599.00	2386.18
599.20	2414.56
599.39	2402.56
599.58	2416.90
599.78	2417.77
599.97	2442.06
600.17	2432.69
600.36	2405.19
600.55	2430.06
600.75	2432.40
600.94	2424.50
601.14	2406.66
601.33	2390.56
601.52	2389.10
601.72	2378.28
601.91	2334.10
602.10	2327.96
602.30	2332.05
602.49	2315.96
602.69	2346.09
602.88	2356.33
603.07	2388.22
603.27	2423.33
603.46	2436.50
603.65	2444.10
603.85	2474.53
604.04	2446.15
604.23	2443.81
604.43	2449.08
604.62	2436.50
604.82	2420.70
605.01	2415.14
605.20	2404.61
605.40	2414.26
605.59	2391.73
605.78	2363.06
605.98	2380.62
606.17	2436.21
606.36	2423.33
606.56	2413.38
606.75	2423.04
606.94	2469.56
607.14	2501.15
607.33	2482.14
607.52	2457.56
607.72	2505.54
607.91	2568.74
608.10	2599.75
608.30	2593.31
608.49	2607.65
608.68	2625.20
608.88	2660.31
609.07	2657.97
609.26	2660.02
609.46	2636.03
609.65	2628.42
609.84	2641.88
610.03	2711.22
610.23	2667.63
610.42	2681.96
610.61	2669.38
610.81	2690.74
611.00	2695.71
611.19	2658.85
611.39	2599.16
611.58	2619.94
611.77	2599.46
611.97	2575.47
612.16	2531.87
612.35	2531.87
612.54	2541.24
612.74	2511.39
612.93	2524.56
613.12	2523.39
613.32	2540.65
613.51	2553.23
613.70	2526.32
613.89	2555.28
614.09	2577.22
614.28	2590.39
614.47	2613.50
614.67	2595.07
614.86	2621.69
615.05	2653.00
615.24	2654.17
615.44	2679.62
615.63	2653.58
615.82	2608.53
616.01	2633.10
616.21	2652.70
616.40	2639.83
616.59	2595.07
616.78	2570.49
616.98	2590.97
617.17	2605.60
617.36	2591.27
617.56	2547.38
617.75	2564.35
617.94	2590.97
618.13	2587.46
618.33	2589.22
618.52	2596.24
618.71	2575.17
618.90	2564.06
619.10	2542.11
619.29	2521.34
619.48	2524.56
619.67	2470.73
619.86	2469.27
620.06	2508.47
620.25	2514.91
620.44	2527.19
620.63	2547.09
620.83	2578.69
621.02	2602.09
621.21	2600.92
621.40	2583.07
621.60	2612.92
621.79	2589.51
621.98	2575.17
622.17	2556.16
622.36	2566.40
622.56	2564.06
622.75	2533.63
622.94	2516.37
623.13	2538.60
623.33	2557.04
623.52	2554.40
623.71	2564.64
623.90	2567.57
624.09	2552.35
624.29	2530.41
624.48	2538.60
624.67	2541.53
624.86	2529.24
625.05	2489.16
625.25	2516.66
625.44	2593.02
625.63	2601.51
625.82	2593.02
626.01	2616.13
626.21	2636.32
626.40	2760.08
626.59	2747.79
626.78	2734.92
626.97	2775.58
627.16	2801.04
627.36	2755.69
627.55	2769.44
627.74	2708.00
627.93	2689.28
628.12	2686.64
628.31	2695.42
628.51	2700.10
628.70	2733.45
628.89	2711.80
629.08	2704.20
629.27	2720.87
629.47	2730.82
629.66	2719.12
629.85	2738.13
630.04	2729.36
630.23	2793.43
630.42	2835.56
630.61	2936.79
630.81	3369.79
631.00	5096.81
631.19	8838.45
631.38	13424.44
631.57	19593.21
631.76	25280.42
631.96	30721.87
632.15	35583.16
632.34	40556.51
632.53	43600.08
632.72	45309.55
632.91	44709.50
633.10	45699.54
633.29	46215.05
633.49	45684.33
633.68	43278.85
633.87	40118.54
634.06	36838.28
634.25	33605.12
634.44	28863.19
634.63	24554.56
634.83	21374.94
635.02	18434.06
635.21	15858.59
635.40	13642.98
635.59	11819.12
635.78	10248.62
635.97	8774.08
636.16	7388.49
636.35	6155.61
636.55	5169.66
636.74	4433.56
636.93	3942.34
637.12	3541.52
637.31	3283.77
637.50	3090.68
637.69	3005.54
637.88	2900.80
638.07	2824.44
638.26	2781.14
638.46	2784.65
638.65	2770.02
638.84	2780.56
639.03	2751.59
639.22	2772.36
639.41	2820.05
639.60	2804.25
639.79	2785.53
639.98	2822.98
640.17	2786.99
640.36	2777.05
640.56	2776.46
640.75	2753.93
640.94	2737.84
641.13	2739.60
641.32	2687.23
641.51	2722.04
641.70	2708.88
641.89	2673.48
642.08	2636.61
642.27	2601.80
642.46	2579.27
642.65	2576.64
642.84	2537.43
643.03	2497.64
643.22	2514.03
643.42	2499.11
643.61	2514.32
643.80	2506.13
643.99	2485.36
644.18	2455.51
644.37	2456.68
644.56	2437.67
644.75	2448.20
644.94	2434.16
645.13	2410.46
645.32	2437.96
645.51	2461.66
645.70	2469.85
645.89	2479.51
646.08	2479.80
646.27	2495.30
646.46	2506.13
646.65	2491.50
646.84	2485.06
647.03	2471.90
647.22	2451.42
647.41	2448.49
647.60	2434.16
647.79	2442.64
647.98	2429.77
648.17	2449.66
648.36	2466.05
648.56	2477.75
648.75	2484.77
648.94	2499.98
649.13	2508.76
649.32	2513.44
649.51	2490.33
649.70	2509.35
649.89	2533.63
650.08	2491.79
650.27	2490.04
650.46	2480.68
650.65	2520.17
650.84	2524.85
651.03	2521.63
651.22	2539.19
651.41	2609.99
651.60	2637.78
651.79	2677.87
651.98	2657.97
652.17	2692.79
652.36	2682.84
652.55	2663.82
652.74	2634.86
652.92	2602.09
653.11	2545.04
653.30	2525.15
653.49	2513.15
653.68	2518.71
653.87	2458.44
654.06	2414.85
654.25	2438.25
654.44	2457.56
654.63	2443.23
654.82	2404.90
655.01	2390.56
655.20	2418.94
655.39	2428.01
655.58	2403.44
655.77	2400.22
655.96	2412.80
656.15	2399.34
656.34	2413.97
656.53	2442.93
656.72	2482.43
656.91	2466.63
657.10	2484.19
657.29	2480.97
657.48	2501.74
657.67	2497.94
657.86	2473.36
658.04	2473.95
658.23	2500.86
658.42	2456.10
658.61	2469.85
658.80	2509.05
658.99	2490.92
659.18	2469.27
659.37	2436.21
659.56	2421.87
659.75	2466.92
659.94	2446.44
660.13	2416.90
660.32	2469.56
660.51	2533.34
660.69	2551.18
660.88	2548.84
661.07	2532.17
661.26	2562.30
661.45	2530.70
661.64	2500.57
661.83	2490.62
662.02	2471.31
662.21	2509.05
662.40	2468.09
662.59	2452.30
662.78	2474.24
662.96	2427.14
663.15	2378.28
663.34	2385.88
663.53	2340.24
663.72	2350.48
663.91	2329.71
664.10	2336.15
664.29	2383.25
664.48	2367.16
664.66	2354.87
664.85	2384.71
665.04	2421.87
665.23	2412.51
665.42	2394.08
665.61	2382.37
665.80	2404.32
665.99	2437.96
666.18	2430.94
666.36	2416.02
666.55	2467.22
666.74	2464.29
666.93	2466.63
667.12	2498.52
667.31	2544.75
667.50	2564.35
667.69	2595.07
667.87	2624.33
668.06	2687.23
668.25	2741.65
668.44	2756.86
668.63	2769.15
668.82	2840.83
669.01	2869.79
669.19	2862.77
669.38	2871.25
669.57	2862.48
669.76	2860.72
669.95	2806.30
670.14	2714.44
670.32	2687.81
670.51	2639.54
670.70	2569.62
670.89	2518.12
671.08	2476.58
671.27	2485.36
671.46	2477.75
671.64	2459.90
671.83	2473.36
672.02	2504.96
672.21	2551.48
672.40	2594.19
672.59	2617.01
672.77	2619.94
672.96	2618.77
673.15	2657.09
673.34	2672.89
673.53	2626.67
673.71	2560.55
673.90	2529.83
674.09	2523.39
674.28	2483.60
674.47	2396.71
674.66	2356.04
674.84	2366.87
675.03	2379.45
675.22	2362.48
675.41	2366.87
675.60	2403.73
675.78	2403.73
675.97	2400.80
676.16	2399.63
676.35	2430.35
676.54	2416.31
676.72	2408.41
676.91	2419.82
677.10	2451.71
677.29	2449.37
677.47	2433.86
677.66	2404.32
677.85	2444.69
678.04	2452.30
678.23	2432.11
678.41	2425.97
678.60	2445.57
678.79	2425.67
678.98	2429.18
679.17	2397.29
679.35	2435.62
679.54	2417.48
679.73	2427.43
679.92	2436.21
680.10	2462.83
680.29	2446.74
680.48	2485.94
680.67	2420.11
680.85	2426.55
681.04	2432.99
681.23	2388.81
681.42	2412.51
681.60	2473.07
681.79	2433.86
681.98	2455.22
682.17	2464.88
682.35	2452.59
682.54	2462.24
682.73	2430.35
682.92	2403.73
683.10	2420.11
683.29	2409.87
683.48	2394.66
683.67	2416.31
683.85	2440.01
684.04	2439.13
684.23	2420.41
684.42	2454.64
684.60	2462.24
684.79	2448.49
684.98	2418.07
685.16	2422.75
685.35	2449.08
685.54	2423.33
685.73	2373.30
685.91	2394.08
686.10	2449.37
686.29	2417.77
686.48	2368.62
686.66	2349.02
686.85	2366.57
687.04	2361.89
687.22	2331.76
687.41	2328.25
687.60	2360.14
687.78	2368.04
687.97	2362.77
688.16	2382.37
688.35	2403.44
688.53	2389.39
688.72	2332.34
688.91	2359.55
689.09	2399.93
689.28	2409.29
689.47	2401.68
689.65	2388.81
689.84	2400.22
690.03	2428.89
690.22	2374.47
690.40	2375.06
690.59	2368.04
690.78	2358.97
690.96	2344.34
691.15	2351.65
691.34	2359.26
691.52	2392.91
691.71	2369.50
691.90	2391.73
692.08	2423.62
692.27	2441.18
692.46	2457.86
692.64	2507.01
692.83	2542.99
693.02	2558.21
693.20	2571.66
693.39	2609.70
693.58	2619.35
693.76	2629.59
693.95	2572.54
694.14	2561.72
694.32	2613.21
694.51	2603.26
694.70	2548.26
694.88	2558.50
695.07	2547.67
695.25	2536.26
695.44	2520.76
695.63	2503.79
695.81	2504.08
696.00	2472.19
696.19	2459.61
696.37	2455.81
696.56	2468.39
696.75	2473.36
696.93	2434.16
697.12	2411.63
697.30	2432.69
697.49	2424.21
697.68	2404.32
697.86	2417.77
698.05	2398.46
698.24	2380.62
698.42	2374.77
698.61	2408.70
698.79	2410.17
698.98	2422.16
699.17	2385.30
699.35	2410.46
699.54	2523.68
699.72	2526.02
699.91	2495.60
700.10	2501.15
700.28	2526.90
700.47	2543.58
700.65	2503.50
700.84	2446.15
701.03	2455.22
701.21	2427.14
701.40	2435.91
701.58	2415.73
701.77	2469.27
701.96	2492.96
702.14	2496.47
702.33	2519.00
702.51	2577.51
702.70	2574.88
702.89	2563.76
703.07	2557.62
703.26	2596.24
703.44	2578.39
703.63	2605.02
703.81	2671.72
704.00	2731.99
704.19	2790.21
704.37	2797.82
704.56	2815.66
704.74	2818.88
704.93	2748.08
705.11	2666.16
705.30	2631.05
705.49	2609.11
705.67	2572.54
705.86	2534.51
706.04	2521.05
706.23	2618.18
706.41	2659.73
706.60	2638.95
706.78	2661.77
706.97	2773.53
707.16	2810.40
707.34	2851.94
707.53	2841.12
707.71	2864.82
707.90	2884.71
708.08	2882.95
708.27	2809.81
708.45	2787.58
708.64	2742.52
708.82	2682.25
709.01	2629.30
709.19	2589.22
709.38	2533.04
709.56	2482.14
709.75	2444.69
709.94	2448.20
710.12	2418.36
710.31	2388.52
710.49	2378.57
710.68	2403.15
710.86	2411.63
711.05	2390.86
711.23	2355.46
711.42	2381.20
711.60	2340.54
711.79	2343.46
711.97	2316.25
712.16	2311.86
712.34	2296.36
712.53	2326.20
712.71	2329.71
712.90	2375.64
713.08	2388.52
713.27	2379.15
713.45	2419.82
713.64	2490.33
713.82	2476.87
714.01	2454.93
714.19	2474.24
714.38	2465.75
714.56	2498.81
714.75	2478.04
714.93	2543.28
715.12	2540.65
715.30	2527.49
715.49	2492.67
715.67	2499.11
715.85	2502.91
716.04	2504.67
716.22	2385.30
716.41	2413.38
716.59	2452.59
716.78	2451.13
716.96	2447.32
717.15	2436.21
717.33	2462.24
717.52	2462.54
717.70	2442.93
717.89	2459.32
718.07	2489.16
718.25	2639.83
718.44	2611.16
718.62	2603.26
718.81	2647.73
718.99	2644.51
719.18	2638.66
719.36	2624.91
719.55	2506.71
719.73	2515.78
719.92	2452.30
720.10	2476.87
720.28	2500.86
720.47	2437.08
720.65	2428.89
720.84	2397.29
721.02	2397.59
721.21	2407.53
721.39	2376.81
721.57	2373.01
721.76	2450.54
721.94	2451.71
722.13	2438.25
722.31	2450.54
722.50	2517.54
722.68	2485.65
722.86	2475.99
723.05	2484.19
723.23	2530.41
723.42	2562.30
723.60	2580.73
723.78	2533.34
723.97	2574.88
724.15	2539.77
724.34	2509.64
724.52	2497.06
724.70	2502.62
724.89	2474.24
725.07	2514.03
725.26	2549.14
725.44	2608.23
725.62	2605.31
725.81	2647.44
725.99	2642.76
726.18	2684.89
726.36	2626.67
726.54	2574.00
726.73	2563.76
726.91	2579.86
727.10	2508.18
727.28	2511.69
727.46	2489.74
727.65	2503.50
727.83	2534.80
728.01	2528.07
728.20	2537.73
728.38	2566.98
728.57	2560.84
728.75	2564.64
728.93	2616.43
729.12	2588.93
729.30	2571.37
729.48	2536.56
729.67	2539.48
729.85	2533.92
730.03	2497.64
730.22	2435.03
730.40	2440.89
730.58	2444.40
730.77	2428.31
730.95	2364.82
731.13	2356.63
731.32	2414.26
731.50	2398.46
731.69	2372.43
731.87	2357.50
732.05	2368.62
732.24	2402.56
732.42	2377.98
732.60	2346.97
732.79	2351.36
732.97	2369.79
733.15	2336.73
733.34	2332.34
733.52	2320.64
733.70	2337.61
733.89	2337.61
734.07	2352.53
734.25	2349.90
734.43	2374.77
734.62	2385.59
734.80	2394.37
734.98	2394.37
735.17	2384.71
735.35	2404.02
735.53	2417.19
735.72	2448.79
735.90	2452.59
736.08	2456.39
736.27	2478.04
736.45	2486.82
736.63	2459.61
736.81	2433.57
737.00	2419.53
737.18	2392.91
737.36	2389.69
737.55	2380.32
737.73	2380.91
737.91	2410.17
738.10	2399.05
738.28	2380.62
738.46	2377.69
738.64	2402.85
738.83	2397.29
739.01	2384.71
739.19	2380.32
739.38	2371.84
739.56	2375.06
739.74	2392.32
739.92	2370.08
740.11	2373.01
740.29	2412.51
740.47	2408.70
740.65	2432.40
740.84	2460.78
741.02	2461.66
741.20	2467.22
741.38	2498.23
741.57	2473.07
741.75	2477.46
741.93	2500.28
742.11	2528.07
742.30	2524.85
742.48	2509.05
742.66	2491.50
742.84	2466.05
743.03	2477.46
743.21	2451.71
743.39	2426.26
743.57	2436.79
743.76	2464.88
743.94	2428.01
744.12	2452.00
744.30	2470.73
744.49	2506.13
744.67	2492.09
744.85	2490.04
745.03	2494.43
745.22	2540.94
745.40	2528.66
745.58	2468.68
745.76	2460.78
745.94	2478.33
746.13	2482.43
746.31	2438.55
746.49	2398.46
746.67	2414.56
746.86	2464.29
747.04	2422.75
747.22	2423.92
747.40	2435.62
747.58	2431.82
747.77	2453.47
747.95	2445.57
748.13	2403.44
748.31	2406.36
748.49	2379.45
748.68	2362.19
748.86	2391.44
749.04	2376.23
749.22	2366.28
749.40	2376.52
749.59	2398.17
749.77	2419.53
749.95	2444.10
750.13	2451.71
750.31	2470.73
750.49	2494.43
750.68	2519.29
750.86	2512.86
751.04	2509.05
751.22	2483.02
751.40	2454.34
751.59	2446.44
751.77	2436.50
751.95	2386.18
752.13	2368.62
752.31	2356.04
752.49	2363.06
752.68	2351.65
752.86	2352.53
753.04	2365.11
753.22	2389.10
753.40	2411.34
753.58	2449.66
753.76	2448.79
753.95	2486.53
754.13	2513.44
754.31	2520.76
754.49	2490.33
754.67	2495.01
754.85	2476.58
755.04	2471.90
755.22	2483.02
755.40	2436.79
755.58	2425.97
755.76	2448.79
755.94	2432.99
756.12	2418.36
756.30	2398.76
756.49	2356.33
756.67	2378.57
756.85	2377.98
757.03	2396.12
757.21	2390.27
757.39	2384.13
757.57	2394.08
757.75	2391.73
757.94	2356.33
758.12	2334.10
758.30	2333.51
758.48	2380.32
758.66	2381.79
758.84	2386.76
759.02	2420.70
759.20	2442.06
759.38	2436.79
759.57	2432.99
759.75	2399.05
759.93	2390.27
760.11	2439.72
760.29	2418.65
760.47	2418.65
760.65	2431.23
760.83	2407.83
761.01	2406.36
761.19	2427.72
761.38	2370.96
761.56	2365.40
761.74	2373.30
761.92	2401.68
762.10	2447.62
762.28	2440.59
762.46	2446.15
762.64	2462.24
762.82	2483.31
763.00	2466.92
763.18	2433.86
763.36	2428.60
763.54	2434.74
763.73	2429.77
763.91	2429.48
764.09	2448.79
764.27	2456.39
764.45	2486.23
764.63	2447.91
764.81	2454.64
764.99	2451.71
765.17	2440.59
765.35	2431.23
765.53	2449.66
765.71	2413.38
765.89	2418.36
766.07	2420.41
766.25	2412.80
766.43	2420.99
766.61	2394.95
766.79	2373.30
766.98	2400.22
767.16	2417.77
767.34	2435.91
767.52	2448.20
767.70	2453.47
767.88	2439.13
768.06	2444.10
768.24	2409.00
768.42	2407.83
768.60	2358.97
768.78	2315.67
768.96	2293.72
769.14	2327.96
769.32	2298.99
769.50	2320.35
769.68	2299.87
769.86	2326.20
770.04	2366.28
770.22	2379.45
770.40	2333.22
770.58	2358.09
770.76	2356.63
770.94	2380.32
771.12	2364.53
771.30	2351.07
771.48	2359.55
771.66	2385.59
771.84	2393.20
772.02	2381.79
772.20	2361.60
772.38	2370.08
772.56	2399.05
772.74	2422.16
772.92	2440.30
773.10	2422.75
773.28	2416.02
773.46	2419.24
773.64	2445.27
773.82	2415.43
774.00	2387.93
774.18	2387.64
774.36	2411.92
774.54	2417.48
774.72	2397.00
774.90	2385.59
775.08	2387.64
775.26	2363.36
775.44	2360.72
775.62	2370.67
775.80	2393.20
775.97	2406.36
776.15	2397.29
776.33	2331.76
776.51	2360.72
776.69	2333.81
776.87	2329.13
777.05	2330.00
777.23	2339.07
777.41	2322.98
777.59	2397.00
777.77	2375.64
777.95	2373.89
778.13	2333.22
778.31	2365.99
778.49	2382.67
778.67	2379.45
778.85	2381.79
779.03	2379.15
779.21	2372.72
779.38	2376.52
779.56	2340.54
779.74	2356.04
779.92	2365.40
780.10	2338.78
780.28	2337.90
780.46	2374.18
780.64	2410.75
780.82	2394.95
781.00	2399.34
781.18	2412.51
781.36	2426.55
781.53	2437.08
781.71	2418.94
781.89	2384.42
782.07	2379.45
782.25	2368.62
782.43	2325.61
782.61	2339.66
782.79	2357.21
782.97	2375.06
783.15	2442.64
783.33	2457.86
783.50	2425.38
783.68	2547.38
783.86	2537.73
784.04	2505.25
784.22	2507.01
784.40	2457.27
784.58	2474.53
784.76	2471.61
784.94	2401.68
785.11	2383.25
785.29	2417.19
785.47	2430.06
785.65	2423.04
785.83	2386.76
786.01	2377.40
786.19	2351.95
786.37	2387.64
786.54	2356.92
786.72	2313.62
786.90	2332.05
787.08	2363.94
787.26	2397.59
787.44	2387.05
787.62	2373.01
787.79	2389.39
787.97	2423.33
788.15	2383.25
788.33	2360.14
788.51	2347.56
788.69	2342.29
788.87	2333.81
789.04	2346.68
789.22	2328.83
789.40	2361.60
789.58	2356.33
789.76	2324.44
789.94	2371.26
790.11	2348.14
790.29	2344.05
790.47	2325.61
790.65	2328.83
790.83	2337.90
791.01	2359.85
791.18	2339.07
791.36	2370.96
791.54	2375.64
791.72	2399.05
791.90	2382.37
792.07	2403.73
792.25	2461.07
792.43	2424.79
792.61	2438.55
792.79	2405.19
792.97	2414.56
793.14	2415.73
793.32	2365.70
793.50	2305.43
793.68	2330.30
793.86	2341.12
794.03	2377.40
794.21	2374.77
794.39	2411.92
794.57	2418.36
794.75	2442.93
794.92	2474.53
795.10	2420.70
795.28	2409.87
795.46	2414.85
795.64	2374.77
795.81	2401.97
795.99	2382.08
796.17	2370.96
796.35	2387.93
796.52	2387.93
796.70	2384.71
796.88	2383.25
797.06	2393.49
797.24	2389.39
797.41	2339.07
797.59	2350.48
797.77	2366.87
797.95	2372.13
798.12	2387.93
798.30	2385.88
798.48	2414.26
798.66	2439.13
798.83	2432.40
799.01	2393.78
799.19	2399.34
799.37	2391.15
799.54	2380.03
799.72	2367.45
799.90	2391.73
800.08	2407.24
800.25	2404.61
800.43	2385.01
800.61	2365.70
800.79	2370.38
800.96	2353.41
801.14	2331.76
801.32	2339.66
801.50	2364.23
801.67	2378.86
801.85	2436.50
802.03	2436.79
802.21	2481.26
802.38	2476.58
802.56	2474.82
802.74	2483.02
802.91	2455.51
803.09	2430.35
803.27	2435.33
803.45	2426.84
803.62	2452.30
803.80	2442.35
803.98	2402.56
804.15	2443.52
804.33	2470.73
804.51	2476.58
804.69	2442.93
804.86	2417.19
805.04	2392.91
805.22	2417.77
805.39	2408.41
805.57	2357.21
805.75	2369.50
805.92	2384.13
806.10	2399.63
806.28	2441.47
806.45	2422.16
806.63	2384.13
806.81	2425.09
806.99	2386.76
807.16	2351.95
807.34	2356.04
807.52	2333.22
807.69	2377.69
807.87	2399.93
808.05	2395.54
808.22	2402.56
808.40	2472.78
808.58	2466.92
808.75	2484.19
808.93	2449.96
809.11	2443.23
809.28	2408.70
809.46	2411.63
809.64	2380.32
809.81	2378.86
809.99	2385.59
810.17	2396.12
810.34	2406.95
810.52	2440.30
810.70	2412.80
810.87	2402.56
811.05	2407.83
811.22	2357.80
811.40	2368.33
811.58	2347.26
811.75	2312.45
811.93	2358.38
812.11	2359.26
812.28	2365.11
812.46	2419.24
812.64	2413.09
812.81	2434.74
812.99	2451.13
813.16	2437.38
813.34	2426.55
813.52	2454.64
813.69	2396.42
813.87	2405.49
814.05	2403.44
814.22	2391.15
814.40	2387.35
814.57	2417.77
814.75	2384.71
814.93	2409.00
815.10	2375.94
815.28	2388.22
815.46	2411.04
815.63	2410.46
815.81	2389.10
815.98	2402.27
816.16	2440.30
816.34	2466.05
816.51	2440.59
816.69	2430.35
816.86	2425.09
817.04	2420.70
817.21	2405.19
817.39	2387.93
817.57	2379.15
817.74	2355.46
817.92	2352.53
818.09	2358.97
818.27	2366.57
818.45	2360.14
818.62	2344.05
818.80	2333.81
818.97	2360.72
819.15	2360.14
819.32	2352.24
819.50	2343.46
819.68	2391.73
819.85	2395.83
820.03	2419.24
820.20	2442.35
820.38	2453.47
820.55	2481.55
820.73	2469.56
820.91	2447.62
821.08	2453.17
821.26	2479.80
821.43	2490.04
821.61	2509.35
821.78	2467.22
821.96	2485.06
822.13	2472.19
822.31	2442.64
822.48	2432.69
822.66	2399.93
822.84	2359.26
823.01	2383.84
823.19	2415.43
823.36	2431.23
823.54	2437.67
823.71	2413.09
823.89	2431.82
824.06	2449.66
824.24	2453.47
824.41	2401.68
824.59	2367.16
824.76	2361.02
824.94	2327.08
825.11	2317.42
825.29	2282.90
825.46	2277.93
825.64	2313.33
825.81	2331.17
825.99	2364.53
826.16	2390.56
826.34	2355.46
826.52	2381.20
826.69	2386.47
826.87	2378.86
827.04	2377.69
827.22	2380.03
827.39	2385.30
827.57	2409.29
827.74	2382.67
827.91	2401.10
828.09	2393.49
828.26	2375.94
828.44	2333.81
828.61	2339.95
828.79	2354.58
828.96	2406.07
829.14	2387.35
829.31	2408.12
829.49	2442.93
829.66	2473.95
829.84	2466.92
830.01	2479.80
830.19	2475.12
830.36	2460.78
830.54	2459.03
830.71	2418.07
830.89	2395.54
831.06	2404.32
831.24	2414.56
831.41	2412.51
831.58	2423.62
831.76	2424.21
831.93	2421.28
832.11	2458.44
832.28	2468.39
832.46	2464.00
832.63	2454.34
832.81	2449.66
832.98	2468.39
833.16	2463.71
833.33	2422.75
833.50	2413.09
833.68	2381.20
833.85	2420.99
834.03	2444.10
834.20	2404.32
834.38	2430.94
834.55	2458.44
834.72	2450.83
834.90	2450.83
835.07	2416.02
835.25	2434.74
835.42	2471.02
835.60	2490.33
835.77	2481.85
835.94	2488.87
836.12	2492.67
836.29	2487.70
836.47	2459.32
836.64	2406.36
836.81	2366.57
836.99	2370.67
837.16	2375.06
837.34	2360.14
837.51	2363.94
837.68	2344.92
837.86	2360.43
838.03	2374.77
838.21	2373.30
838.38	2347.56
838.55	2368.91
838.73	2350.48
838.90	2338.49
839.08	2322.69
839.25	2313.33
839.42	2299.28
839.60	2301.33
839.77	2316.25
839.95	2313.91
840.12	2290.51
840.29	2295.77
840.47	2311.86
840.64	2320.35
840.81	2319.76
840.99	2273.83
841.16	2266.81
841.34	2321.52
841.51	2351.95
841.68	2348.14
841.86	2336.44
842.03	2358.09
842.20	2372.13
842.38	2366.28
842.55	2350.19
842.72	2340.24
842.90	2344.63
843.07	2356.92
843.24	2353.99
843.42	2364.23
843.59	2387.93
843.77	2383.54
843.94	2376.81
844.11	2379.15
844.29	2378.57
844.46	2358.38
844.63	2362.19
844.81	2352.24
844.98	2347.26
845.15	2349.61
845.33	2364.23
845.50	2376.52
845.67	2370.96
845.85	2349.02
846.02	2330.88
846.19	2329.42
846.37	2313.62
846.54	2246.91
846.71	2237.55
846.88	2262.71
847.06	2264.47
847.23	2309.52
847.40	2295.48
847.58	2361.60
847.75	2383.54
847.92	2382.96
848.10	2365.11
848.27	2380.62
848.44	2370.38
848.62	2406.66
848.79	2385.01
848.96	2398.76
849.13	2392.61
849.31	2406.95
849.48	2434.45
849.65	2430.06
849.83	2414.26
850.00	2389.98
850.17	2406.66
850.34	2397.29
850.52	2437.08
850.69	2403.73
850.86	2401.68
851.04	2421.87
851.21	2401.10
851.38	2414.26
851.55	2421.28
851.73	2394.95
851.90	2383.84
852.07	2379.15
852.24	2354.87
852.42	2374.47
852.59	2365.11
852.76	2364.82
852.93	2359.55
853.11	2341.71
853.28	2352.82
853.45	2351.65
853.62	2330.59
853.80	2320.35
853.97	2330.30
854.14	2310.99
854.31	2345.80
854.49	2335.27
854.66	2324.15
854.83	2336.15
855.00	2321.52
855.18	2346.97
855.35	2358.38
855.52	2363.36
855.69	2375.94
855.87	2394.95
856.04	2375.64
856.21	2401.97
856.38	2342.58
856.56	2321.52
856.73	2298.11
856.90	2303.09
857.07	2308.65
857.24	2340.24
857.42	2305.72
857.59	2354.87
857.76	2369.79
857.93	2390.86
858.10	2388.81
858.28	2377.69
858.45	2346.68
858.62	2382.96
858.79	2351.36
858.96	2343.46
859.14	2351.07
859.31	2327.96
859.48	2316.84
859.65	2342.29
859.82	2339.66
860.00	2343.75
860.17	2358.67
860.34	2305.72
860.51	2310.69
860.68	2350.48
860.86	2353.99
861.03	2343.17
861.20	2358.97
861.37	2351.07
861.54	2391.15
861.71	2393.49
861.89	2359.85
862.06	2344.63
862.23	2355.75
862.40	2377.40
862.57	2426.26
862.74	2428.89
862.92	2400.80
863.09	2422.75
863.26	2434.16
863.43	2423.62
863.60	2376.81
863.77	2318.59
863.95	2334.10
864.12	2362.48
864.29	2342.88
864.46	2326.79
864.63	2340.83
864.80	2345.80
864.97	2342.88
865.15	2306.31
865.32	2302.79
865.49	2333.22
865.66	2346.09
865.83	2332.05
866.00	2357.80
866.17	2389.10
866.35	2415.43
866.52	2436.21
866.69	2428.31
866.86	2444.69
867.03	2424.21
867.20	2373.01
867.37	2334.10
867.54	2348.14
867.72	2311.57
867.89	2327.37
868.06	2294.60
868.23	2339.37
868.40	2357.50
868.57	2347.26
868.74	2304.55
868.91	2343.17
869.08	2290.51
869.26	2321.52
869.43	2293.43
869.60	2304.55
869.77	2342.29
869.94	2367.74
870.11	2338.49
870.28	2355.75
870.45	2339.37
870.62	2318.01
870.79	2335.56
870.96	2326.49
871.14	2323.27
871.31	2301.33
871.48	2302.79
871.65	2316.84
871.82	2358.09
871.99	2339.07
872.16	2342.29
872.33	2341.41
872.50	2356.63
872.67	2354.87
872.84	2339.07
873.01	2309.52
873.18	2310.69
873.35	2308.94
873.53	2298.41
873.70	2332.64
873.87	2331.47
874.04	2329.71
874.21	2325.61
874.38	2345.80
874.55	2346.68
874.72	2358.67
874.89	2327.66
875.06	2351.07
875.23	2362.77
875.40	2365.11
875.57	2343.46
875.74	2347.26
875.91	2322.69
876.08	2319.18
876.25	2296.36
876.42	2291.68
876.59	2306.31
876.76	2337.90
876.93	2313.03
877.10	2334.68
877.27	2343.75
877.44	2356.04
877.61	2353.12
877.79	2372.13
877.96	2332.93
878.13	2374.18
878.30	2373.89
878.47	2395.54
878.64	2365.11
878.81	2363.65
878.98	2304.26
879.15	2350.48
879.32	2323.57
879.49	2316.25
879.66	2310.69
879.83	2340.24
880.00	2358.67
880.17	2379.74
880.34	2362.48
880.51	2385.01
880.68	2391.15
880.85	2401.68
881.02	2413.38
881.19	2414.26
881.36	2416.60
881.53	2435.33
881.69	2418.94
881.86	2435.03
882.03	2420.99
882.20	2387.05
882.37	2364.82
882.54	2406.07
882.71	2344.92
882.88	2338.49
883.05	2313.03
883.22	2308.35
883.39	2315.67
883.56	2313.62
883.73	2296.65
883.90	2349.61
884.07	2341.41
884.24	2369.79
884.41	2351.65
884.58	2343.46
884.75	2369.21
884.92	2365.99
885.09	2340.54
885.26	2368.91
885.43	2367.16
885.60	2393.20
885.77	2416.60
885.93	2412.21
886.10	2399.34
886.27	2418.07
886.44	2420.99
886.61	2396.12
886.78	2407.83
886.95	2373.89
887.12	2364.53
887.29	2380.32
887.46	2364.23
887.63	2346.09
887.80	2362.77
887.97	2369.50
888.14	2382.08
888.30	2351.95
888.47	2331.47
888.64	2344.63
888.81	2352.24
888.98	2333.51
889.15	2321.23
889.32	2350.19
889.49	2360.14
889.66	2397.29
889.83	2383.54
890.00	2378.28
890.16	2407.24
890.33	2385.01
890.50	2373.01
890.67	2395.54
890.84	2361.31
891.01	2368.33
891.18	2372.72
891.35	2285.53
891.52	2381.79
891.68	2398.17
