175.94	1329.13
176.16	1329.13
176.38	1329.13
176.61	1328.25
176.83	1337.32
177.05	1340.83
177.27	1370.97
177.49	1394.37
177.71	1419.24
177.93	1416.32
178.15	1422.17
178.37	1426.85
178.59	1439.72
178.81	1418.95
179.03	1426.85
179.25	1417.19
179.47	1430.95
179.69	1435.33
179.91	1432.70
180.13	1421.88
180.35	1418.66
180.58	1414.56
180.80	1427.43
181.02	1422.46
181.24	1420.12
181.46	1423.34
181.68	1435.33
181.90	1443.53
182.12	1446.45
182.34	1425.39
182.56	1426.56
182.78	1428.60
183.00	1431.24
183.22	1426.85
183.44	1430.07
183.66	1426.26
183.88	1432.70
184.10	1431.24
184.32	1429.77
184.54	1422.75
184.76	1418.95
184.98	1423.34
185.20	1432.99
185.42	1444.70
185.64	1441.18
185.86	1434.16
186.08	1439.14
186.30	1436.21
186.52	1421.29
186.74	1419.24
186.96	1421.29
187.18	1426.56
187.40	1425.68
187.62	1434.75
187.84	1449.67
188.06	1458.45
188.28	1455.23
188.50	1449.38
188.72	1450.55
188.94	1448.79
189.16	1448.79
189.38	1437.97
189.60	1441.18
189.82	1437.67
190.04	1443.82
190.26	1436.50
190.48	1449.38
190.70	1432.41
190.92	1444.11
191.14	1445.57
191.36	1444.11
191.58	1440.01
191.80	1451.42
192.02	1439.43
192.24	1447.33
192.46	1435.33
192.68	1425.09
192.90	1422.17
193.12	1417.19
193.34	1405.49
193.56	1412.81
193.78	1411.64
194.00	1421.88
194.22	1423.34
194.44	1423.63
194.66	1431.53
194.88	1442.36
195.10	1442.36
195.32	1448.79
195.54	1444.11
195.76	1451.72
195.98	1454.06
196.20	1450.84
196.42	1440.01
196.64	1449.67
196.86	1445.57
197.08	1446.45
197.30	1442.94
197.51	1444.99
197.73	1441.48
197.95	1444.70
198.17	1432.99
198.39	1440.60
198.61	1449.67
198.83	1446.74
199.05	1444.40
199.27	1448.79
199.49	1449.67
199.71	1456.40
199.93	1457.57
200.15	1439.72
200.37	1442.36
200.59	1443.82
200.81	1437.97
201.03	1445.28
201.25	1445.57
201.46	1438.55
201.68	1449.08
201.90	1456.11
202.12	1461.37
202.34	1465.76
202.56	1455.81
202.78	1445.57
203.00	1453.47
203.22	1442.65
203.44	1435.63
203.66	1430.95
203.88	1434.75
204.10	1438.84
204.31	1432.99
204.53	1425.68
204.75	1432.41
204.97	1436.21
205.19	1439.43
205.41	1437.38
205.63	1432.41
205.85	1448.21
206.07	1441.48
206.29	1442.65
206.51	1445.28
206.73	1444.99
206.94	1435.92
207.16	1433.29
207.38	1431.82
207.60	1434.16
207.82	1425.68
208.04	1411.05
208.26	1413.68
208.48	1423.05
208.70	1425.39
208.91	1414.85
209.13	1421.88
209.35	1437.38
209.57	1447.33
209.79	1446.45
210.01	1437.38
210.23	1439.14
210.45	1444.70
210.67	1440.60
210.88	1435.63
211.10	1431.82
211.32	1418.36
211.54	1429.19
211.76	1433.29
211.98	1432.12
212.20	1426.85
212.42	1420.12
212.63	1427.14
212.85	1443.23
213.07	1436.50
213.29	1438.84
213.51	1427.43
213.73	1436.80
213.95	1447.62
214.17	1436.21
214.38	1427.43
214.60	1427.73
214.82	1416.61
215.04	1427.14
215.26	1413.39
215.48	1400.81
215.70	1409.88
215.91	1403.15
216.13	1407.25
216.35	1398.47
216.57	1397.59
216.79	1413.39
217.01	1422.46
217.23	1419.24
217.44	1422.46
217.66	1413.68
217.88	1432.41
218.10	1442.94
218.32	1431.53
218.54	1430.95
218.75	1415.73
218.97	1423.92
219.19	1427.43
219.41	1429.19
219.63	1423.92
219.85	1428.60
220.06	1433.58
220.28	1440.60
220.50	1436.80
220.72	1440.31
220.94	1437.97
221.16	1445.28
221.37	1440.31
221.59	1444.11
221.81	1448.79
222.03	1451.42
222.25	1459.03
222.46	1457.86
222.68	1462.25
222.90	1472.78
223.12	1457.28
223.34	1457.57
223.56	1458.74
223.77	1442.36
223.99	1440.31
224.21	1424.51
224.43	1421.00
224.65	1428.31
224.86	1434.75
225.08	1423.05
225.30	1431.82
225.52	1428.60
225.74	1429.48
225.95	1424.22
226.17	1432.12
226.39	1427.73
226.61	1440.89
226.83	1454.35
227.04	1464.30
227.26	1466.05
227.48	1468.39
227.70	1461.66
227.92	1453.18
228.13	1455.52
228.35	1447.04
228.57	1433.58
228.79	1435.04
229.00	1424.80
229.22	1427.14
229.44	1444.40
229.66	1447.91
229.88	1443.82
230.09	1447.62
230.31	1449.08
230.53	1460.49
230.75	1448.21
230.96	1436.21
231.18	1429.19
231.40	1430.65
231.62	1428.90
231.84	1422.46
232.05	1428.60
232.27	1441.48
232.49	1445.28
232.71	1437.67
232.92	1446.16
233.14	1446.16
233.36	1468.39
233.58	1453.18
233.79	1440.31
234.01	1436.80
234.23	1435.33
234.45	1413.98
234.66	1413.39
234.88	1392.62
235.10	1399.93
235.32	1406.37
235.53	1422.46
235.75	1440.89
235.97	1455.81
236.19	1456.98
236.40	1464.59
236.62	1472.78
236.84	1467.22
237.06	1457.28
237.27	1451.42
237.49	1448.79
237.71	1454.64
237.92	1448.21
238.14	1443.53
238.36	1445.28
238.58	1442.06
238.79	1433.29
239.01	1428.90
239.23	1434.16
239.45	1423.63
239.66	1432.99
239.88	1435.33
240.10	1436.21
240.31	1442.65
240.53	1453.47
240.75	1442.06
240.97	1459.03
241.18	1456.11
241.40	1451.13
241.62	1452.30
241.83	1459.32
242.05	1455.81
242.27	1456.40
242.49	1451.13
242.70	1433.87
242.92	1437.38
243.14	1434.75
243.35	1414.56
243.57	1417.49
243.79	1415.15
244.00	1417.78
244.22	1427.43
244.44	1437.67
244.66	1447.33
244.87	1450.55
245.09	1445.87
245.31	1454.64
245.52	1451.72
245.74	1444.11
245.96	1439.43
246.17	1430.36
246.39	1444.99
246.61	1439.14
246.82	1436.21
247.04	1432.41
247.26	1441.18
247.47	1428.60
247.69	1433.29
247.91	1425.97
248.13	1425.09
248.34	1416.90
248.56	1416.32
248.78	1421.88
248.99	1429.48
249.21	1416.90
249.43	1410.17
249.64	1415.44
249.86	1413.98
250.08	1423.34
250.29	1420.71
250.51	1423.92
250.73	1440.60
250.94	1449.38
251.16	1452.30
251.37	1469.27
251.59	1465.47
251.81	1459.03
252.02	1452.01
252.24	1452.30
252.46	1446.74
252.67	1438.26
252.89	1426.26
253.11	1415.44
253.32	1418.36
253.54	1428.90
253.76	1414.56
253.97	1428.02
254.19	1428.02
254.41	1430.36
254.62	1435.92
254.84	1436.50
255.05	1425.09
255.27	1423.63
255.49	1413.98
255.70	1417.78
255.92	1417.78
256.14	1420.71
256.35	1411.34
256.57	1421.88
256.79	1432.70
257.00	1429.77
257.22	1431.53
257.43	1439.72
257.65	1430.65
257.87	1441.18
258.08	1438.84
258.30	1437.67
258.51	1436.50
258.73	1436.21
258.95	1435.92
259.16	1441.48
259.38	1439.14
259.60	1429.77
259.81	1430.36
260.03	1437.97
260.24	1441.18
260.46	1432.12
260.68	1427.73
260.89	1413.10
261.11	1419.83
261.32	1414.85
261.54	1408.71
261.76	1395.54
261.97	1397.59
262.19	1406.37
262.40	1419.24
262.62	1417.19
262.84	1413.98
263.05	1417.19
263.27	1428.31
263.48	1422.17
263.70	1427.73
263.91	1431.82
264.13	1437.97
264.35	1449.96
264.56	1449.67
264.78	1456.98
264.99	1461.37
265.21	1455.52
265.43	1452.59
265.64	1452.01
265.86	1452.89
266.07	1459.32
266.29	1450.55
266.50	1452.59
266.72	1449.67
266.94	1452.01
267.15	1450.84
267.37	1443.53
267.58	1446.45
267.80	1439.43
268.01	1441.18
268.23	1443.23
268.44	1434.16
268.66	1431.53
268.88	1434.46
269.09	1419.83
269.31	1421.88
269.52	1413.10
269.74	1410.76
269.95	1412.81
270.17	1420.12
270.38	1411.93
270.60	1414.27
270.82	1410.76
271.03	1424.51
271.25	1434.16
271.46	1439.72
271.68	1425.68
271.89	1430.07
272.11	1423.92
272.32	1426.85
272.54	1427.73
272.75	1429.48
272.97	1428.90
273.18	1443.23
273.40	1442.36
273.62	1451.72
273.83	1460.20
274.05	1459.32
274.26	1459.32
274.48	1466.64
274.69	1468.10
274.91	1475.12
275.12	1477.46
275.34	1476.29
275.55	1466.35
275.77	1452.01
275.98	1437.09
276.20	1431.53
276.41	1425.09
276.63	1415.15
276.84	1418.36
277.06	1418.95
277.27	1415.15
277.49	1414.27
277.70	1418.07
277.92	1422.17
278.13	1428.31
278.35	1432.99
278.56	1445.28
278.78	1453.77
278.99	1466.64
279.21	1458.74
279.42	1452.30
279.64	1459.62
279.85	1444.99
280.07	1425.97
280.28	1416.32
280.50	1406.95
280.71	1410.17
280.93	1412.81
281.14	1397.01
281.36	1402.27
281.57	1409.00
281.79	1421.00
282.00	1430.95
282.22	1432.12
282.43	1426.85
282.65	1443.82
282.86	1451.72
283.08	1450.84
283.29	1448.21
283.51	1447.33
283.72	1445.28
283.94	1450.25
284.15	1439.72
284.36	1426.85
284.58	1424.51
284.79	1427.43
285.01	1425.97
285.22	1422.46
285.44	1422.46
285.65	1428.90
285.87	1423.92
286.08	1438.84
286.30	1443.82
286.51	1434.75
286.73	1442.94
286.94	1446.16
287.15	1438.55
287.37	1448.21
287.58	1449.67
287.80	1443.23
288.01	1450.84
288.23	1443.23
288.44	1438.55
288.66	1440.31
288.87	1434.16
289.08	1430.65
289.30	1417.49
289.51	1412.81
289.73	1422.17
289.94	1414.56
290.16	1423.63
290.37	1424.51
290.58	1405.20
290.80	1423.05
291.01	1425.39
291.23	1411.64
291.44	1422.75
291.66	1408.12
291.87	1416.61
292.08	1427.73
292.30	1417.78
292.51	1424.22
292.73	1431.53
292.94	1429.77
293.16	1432.12
293.37	1423.34
293.58	1424.80
293.80	1428.60
294.01	1417.49
294.23	1421.88
294.44	1430.36
294.65	1437.97
294.87	1449.67
295.08	1456.11
295.30	1470.15
295.51	1475.71
295.72	1471.61
295.94	1461.66
296.15	1460.49
296.37	1455.81
296.58	1449.67
296.79	1439.14
297.01	1430.95
297.22	1432.12
297.44	1440.89
297.65	1426.26
297.86	1432.99
298.08	1439.14
298.29	1442.36
298.51	1456.69
298.72	1454.94
298.93	1457.28
299.15	1463.71
299.36	1452.01
299.57	1456.69
299.79	1454.06
300.00	1450.25
300.22	1455.81
300.43	1440.89
300.64	1448.21
300.86	1459.91
301.07	1452.59
301.28	1450.25
301.50	1442.65
301.71	1433.58
301.93	1440.01
302.14	1433.58
302.35	1418.07
302.57	1423.05
302.78	1423.34
302.99	1419.83
303.21	1423.05
303.42	1415.73
303.63	1423.05
303.85	1435.33
304.06	1433.29
304.28	1433.58
304.49	1444.99
304.70	1445.87
304.92	1461.96
305.13	1469.86
305.34	1463.71
305.56	1464.01
305.77	1471.61
305.98	1472.78
306.20	1481.85
306.41	1478.05
306.62	1477.46
306.84	1484.78
307.05	1492.09
307.26	1499.41
307.48	1498.24
307.69	1499.11
307.90	1504.09
308.12	1507.30
308.33	1512.28
308.54	1515.50
308.76	1514.62
308.97	1512.57
309.18	1512.28
309.40	1514.62
309.61	1520.47
309.82	1518.72
310.04	1514.33
310.25	1503.50
310.46	1507.30
310.67	1518.13
310.89	1521.64
311.10	1521.93
311.31	1538.02
311.53	1529.25
311.74	1548.26
311.95	1556.75
312.17	1557.92
312.38	1558.21
312.59	1559.97
312.81	1556.16
313.02	1573.72
313.23	1574.01
313.44	1580.15
313.66	1580.74
313.87	1584.84
314.08	1587.18
314.30	1579.57
314.51	1578.98
314.72	1568.45
314.93	1557.63
315.15	1562.02
315.36	1564.94
315.57	1572.55
315.79	1582.20
316.00	1576.06
316.21	1581.91
316.42	1586.30
316.64	1581.91
316.85	1576.35
317.06	1559.38
317.28	1560.55
317.49	1569.62
317.70	1564.06
317.91	1572.55
318.13	1564.36
318.34	1563.19
318.55	1566.40
318.76	1555.58
318.98	1561.14
319.19	1567.28
319.40	1556.16
319.62	1569.62
319.83	1568.74
320.04	1567.87
320.25	1571.96
320.47	1557.04
320.68	1568.74
320.89	1573.43
321.10	1568.45
321.32	1571.08
321.53	1576.35
321.74	1576.06
321.95	1581.03
322.17	1571.38
322.38	1572.84
322.59	1575.18
322.80	1584.84
323.02	1584.25
323.23	1592.44
323.44	1600.34
323.65	1600.05
323.86	1610.29
324.08	1608.24
324.29	1603.27
324.50	1600.34
324.71	1590.10
324.93	1586.59
325.14	1592.15
325.35	1581.62
325.56	1585.71
325.78	1585.71
325.99	1593.90
326.20	1604.73
326.41	1610.58
326.62	1608.53
326.84	1618.48
327.05	1618.48
327.26	1634.28
327.47	1630.48
327.69	1638.67
327.90	1642.18
328.11	1637.20
328.32	1635.74
328.53	1638.08
328.75	1642.76
328.96	1653.30
329.17	1643.64
329.38	1643.93
329.59	1654.76
329.81	1651.54
330.02	1649.49
330.23	1642.47
330.44	1629.89
330.65	1630.48
330.87	1636.03
331.08	1640.13
331.29	1648.32
331.50	1651.54
331.71	1647.74
331.92	1665.88
332.14	1686.65
332.35	1678.16
332.56	1677.87
332.77	1684.31
332.98	1675.82
333.20	1665.88
333.41	1665.88
333.62	1650.08
333.83	1658.56
334.04	1656.81
334.25	1662.95
334.47	1677.58
334.68	1693.38
334.89	1692.50
335.10	1698.06
335.31	1698.35
335.52	1712.69
335.74	1698.94
335.95	1688.99
336.16	1696.01
336.37	1683.72
336.58	1690.45
336.79	1677.58
337.01	1671.73
337.22	1677.58
337.43	1689.87
337.64	1676.41
337.85	1694.26
338.06	1679.63
338.28	1689.28
338.49	1686.36
338.70	1688.99
338.91	1684.31
339.12	1693.38
339.33	1688.40
339.54	1701.28
339.76	1686.06
339.97	1676.41
340.18	1677.29
340.39	1671.73
340.60	1671.14
340.81	1670.56
341.02	1668.51
341.23	1696.89
341.45	1712.10
341.66	1717.66
341.87	1722.63
342.08	1728.49
342.29	1724.68
342.50	1715.32
342.71	1700.40
342.92	1692.21
343.14	1683.72
343.35	1679.04
343.56	1665.00
343.77	1669.09
343.98	1671.44
344.19	1677.29
344.40	1673.48
344.61	1675.82
344.82	1683.14
345.04	1683.14
345.25	1676.12
345.46	1674.95
345.67	1675.82
345.88	1676.99
346.09	1672.61
346.30	1674.65
346.51	1680.50
346.72	1684.89
346.94	1696.89
347.15	1693.09
347.36	1701.86
347.57	1702.45
347.78	1697.47
347.99	1693.96
348.20	1696.60
348.41	1687.53
348.62	1690.45
348.83	1674.65
349.04	1684.89
349.25	1696.30
349.47	1702.74
349.68	1694.26
349.89	1698.64
350.10	1704.50
350.31	1711.22
350.52	1713.86
350.73	1705.96
350.94	1710.93
351.15	1713.56
351.36	1713.86
351.57	1716.49
351.78	1724.39
351.99	1710.64
352.21	1704.79
352.42	1693.38
352.63	1702.15
352.84	1696.89
353.05	1690.74
353.26	1685.19
353.47	1690.74
353.68	1681.09
353.89	1685.48
354.10	1684.31
354.31	1686.94
354.52	1687.82
354.73	1688.99
354.94	1674.07
355.15	1696.89
355.36	1701.28
355.57	1695.43
355.78	1702.74
355.99	1704.79
356.20	1707.71
356.42	1720.29
356.63	1704.50
356.84	1705.37
357.05	1718.25
357.26	1706.84
357.47	1717.66
357.68	1714.15
357.89	1719.71
358.10	1725.27
358.31	1710.93
358.52	1703.03
358.73	1712.10
358.94	1691.04
359.15	1687.82
359.36	1670.85
359.57	1681.09
359.78	1688.11
359.99	1677.87
360.20	1668.22
360.41	1669.09
360.62	1676.12
360.83	1688.70
361.04	1684.31
361.25	1686.36
361.46	1696.30
361.67	1703.62
361.88	1699.23
362.09	1696.89
362.30	1697.77
362.51	1703.32
362.72	1711.81
362.93	1716.20
363.14	1721.76
363.35	1728.49
363.56	1729.36
363.77	1723.22
363.98	1721.17
364.19	1708.59
364.40	1695.13
364.61	1698.06
364.82	1705.08
365.03	1714.73
365.24	1722.93
365.45	1710.64
365.66	1718.25
365.87	1726.73
366.08	1712.98
366.29	1710.05
366.50	1704.79
366.71	1714.73
366.92	1722.05
367.13	1720.88
367.34	1727.61
367.55	1741.94
367.76	1742.24
367.97	1748.38
368.18	1733.17
368.39	1736.97
368.60	1739.60
368.81	1735.80
369.01	1727.02
369.22	1718.83
369.43	1714.73
369.64	1722.34
369.85	1711.22
370.06	1704.50
370.27	1691.04
370.48	1686.65
370.69	1684.60
370.90	1670.85
371.11	1657.10
371.32	1667.34
371.53	1668.51
371.74	1678.75
371.95	1678.16
372.16	1679.33
372.37	1683.14
372.58	1688.99
372.79	1690.16
372.99	1687.82
373.20	1685.19
373.41	1686.36
373.62	1692.21
373.83	1683.72
374.04	1708.30
374.25	1706.54
374.46	1712.39
374.67	1707.13
374.88	1712.39
375.09	1698.64
375.30	1705.08
375.51	1690.16
375.72	1689.87
375.92	1675.82
376.13	1674.07
376.34	1673.48
376.55	1687.53
376.76	1697.47
376.97	1691.91
377.18	1690.45
377.39	1705.96
377.60	1708.30
377.81	1713.27
378.02	1714.73
378.22	1717.08
378.43	1722.93
378.64	1725.27
378.85	1731.41
379.06	1748.38
379.27	1748.67
379.48	1761.55
379.69	1764.18
379.90	1775.30
380.11	1782.03
380.31	1775.88
380.52	1782.03
380.73	1765.64
380.94	1754.23
381.15	1751.89
381.36	1732.87
381.57	1721.17
381.78	1714.73
381.99	1704.50
382.19	1711.52
382.40	1720.29
382.61	1732.00
382.82	1736.09
383.03	1753.35
383.24	1748.09
383.45	1751.31
383.65	1755.99
383.86	1745.75
384.07	1728.49
384.28	1731.70
384.49	1713.56
384.70	1725.85
384.91	1720.88
385.12	1717.95
385.32	1705.37
385.53	1701.86
385.74	1696.30
385.95	1700.98
386.16	1686.94
386.37	1688.70
386.58	1683.72
386.78	1697.18
386.99	1711.22
387.20	1726.15
387.41	1744.28
387.62	1772.96
387.83	1806.02
388.03	1843.46
388.24	1888.23
388.45	1918.95
388.66	1928.60
388.87	1930.06
389.08	1925.38
389.28	1892.91
389.49	1871.84
389.70	1825.33
389.91	1786.41
390.12	1753.94
390.33	1724.97
390.53	1696.30
390.74	1688.11
390.95	1671.73
391.16	1662.95
391.37	1652.13
391.58	1658.27
391.78	1667.63
391.99	1678.75
392.20	1685.19
392.41	1688.11
392.62	1684.02
392.82	1673.48
393.03	1667.34
393.24	1662.37
393.45	1648.32
393.66	1646.27
393.87	1645.69
394.07	1653.88
394.28	1656.22
394.49	1674.65
394.70	1669.97
394.91	1692.21
395.11	1699.81
395.32	1728.78
395.53	1785.83
395.74	1881.50
395.94	1985.07
396.15	2112.33
396.36	2230.24
396.57	2332.64
396.78	2403.44
396.98	2428.60
397.19	2406.95
397.40	2327.96
397.61	2228.78
397.82	2110.29
398.02	2003.50
398.23	1900.81
398.44	1825.62
398.65	1773.83
398.85	1735.80
399.06	1713.27
399.27	1705.08
399.48	1698.06
399.69	1702.15
399.89	1705.37
400.10	1690.45
400.31	1695.13
400.52	1689.28
400.72	1687.23
400.93	1693.38
401.14	1695.13
401.35	1684.60
401.55	1686.65
401.76	1672.61
401.97	1662.07
402.18	1667.63
402.38	1654.47
402.59	1651.25
402.80	1640.13
403.01	1635.45
403.21	1636.33
403.42	1638.08
403.63	1635.16
403.84	1641.30
404.04	1629.60
404.25	1631.94
404.46	1639.84
404.67	1641.89
404.87	1653.88
405.08	1644.52
405.29	1649.79
405.50	1654.76
405.70	1662.66
405.91	1671.73
406.12	1678.46
406.32	1674.65
406.53	1688.99
406.74	1686.65
406.95	1679.92
407.15	1681.38
407.36	1676.41
407.57	1680.21
407.77	1685.48
407.98	1691.62
408.19	1725.27
408.40	1842.59
408.60	2023.10
408.81	2289.63
409.02	2640.42
409.22	3073.12
409.43	3497.64
409.64	3891.43
409.85	4184.59
410.05	4329.41
410.26	4307.46
410.47	4145.38
410.67	3828.24
410.88	3466.33
411.09	3073.42
411.29	2688.40
411.50	2361.89
411.71	2121.40
411.92	1921.58
412.12	1799.58
412.33	1714.15
412.54	1671.14
412.74	1641.30
412.95	1649.20
413.16	1637.50
413.36	1632.82
413.57	1627.55
413.78	1632.52
413.98	1641.30
414.19	1653.00
414.40	1641.01
414.60	1634.86
414.81	1639.84
415.02	1644.23
415.22	1646.57
415.43	1646.27
415.64	1652.13
415.84	1658.85
416.05	1677.29
416.26	1684.31
416.46	1691.33
416.67	1690.16
416.88	1687.23
417.08	1695.72
417.29	1700.11
417.50	1694.55
417.70	1683.72
417.91	1686.65
418.12	1690.45
418.32	1680.50
418.53	1665.00
418.74	1651.25
418.94	1635.74
419.15	1633.99
419.36	1625.21
419.56	1627.84
419.77	1642.76
419.97	1655.34
420.18	1669.68
420.39	1668.51
420.59	1669.97
420.80	1676.41
421.01	1696.60
421.21	1686.65
421.42	1670.85
421.63	1659.15
421.83	1665.00
422.04	1665.00
422.24	1669.68
422.45	1627.26
422.66	1628.72
422.86	1625.50
423.07	1617.60
423.28	1617.60
423.48	1612.04
423.69	1605.02
423.89	1620.82
424.10	1623.45
424.31	1632.23
424.51	1634.28
424.72	1626.09
424.92	1626.96
425.13	1630.48
425.34	1627.84
425.54	1617.90
425.75	1618.19
425.95	1612.63
426.16	1615.26
426.37	1612.92
426.57	1597.42
426.78	1595.08
426.98	1593.03
427.19	1596.54
427.40	1597.71
427.60	1596.54
427.81	1608.53
428.01	1618.77
428.22	1621.11
428.43	1624.92
428.63	1613.51
428.84	1631.35
429.04	1646.86
429.25	1638.08
429.45	1637.20
429.66	1645.98
429.87	1653.00
430.07	1666.17
430.28	1666.17
430.48	1664.41
430.69	1673.48
430.89	1676.12
431.10	1674.36
431.31	1679.04
431.51	1680.80
431.72	1698.06
431.92	1751.01
432.13	1977.46
432.33	2480.09
432.54	3365.11
432.74	4609.69
432.95	6265.91
433.16	8176.08
433.36	10125.45
433.57	11814.44
433.77	13057.85
433.98	13645.32
434.18	13618.99
434.39	12851.00
434.59	11580.09
434.80	10004.33
435.01	8322.94
435.21	6706.81
435.42	5309.21
435.62	4117.88
435.83	3251.59
436.03	2599.75
436.24	2188.99
436.44	1968.10
436.65	1841.42
436.85	1771.79
437.06	1746.04
437.26	1722.93
437.47	1705.67
437.67	1697.47
437.88	1684.31
438.08	1678.46
438.29	1679.63
438.50	1670.56
438.70	1666.17
438.91	1681.67
439.11	1664.41
439.32	1655.34
439.52	1669.68
439.73	1672.90
439.93	1688.70
440.14	1703.03
440.34	1697.18
440.55	1717.66
440.75	1730.83
440.96	1730.24
441.16	1721.17
441.37	1726.73
441.57	1722.34
441.78	1723.80
441.98	1711.81
442.19	1706.84
442.39	1698.06
442.60	1676.99
442.80	1658.56
443.01	1667.34
443.21	1661.78
443.42	1662.37
443.62	1658.85
443.83	1657.68
444.03	1681.38
444.23	1694.55
444.44	1678.46
444.64	1684.89
444.85	1688.11
445.05	1704.50
445.26	1710.05
445.46	1713.27
445.67	1704.79
445.87	1698.94
446.08	1693.09
446.28	1689.87
446.49	1684.60
446.69	1675.24
446.90	1673.19
447.10	1668.80
447.31	1673.78
447.51	1684.60
447.71	1686.36
447.92	1679.63
448.12	1672.31
448.33	1673.19
448.53	1681.67
448.74	1690.16
448.94	1688.70
449.15	1701.57
449.35	1706.84
449.56	1714.44
449.76	1693.96
449.96	1689.57
450.17	1683.72
450.37	1680.50
450.58	1655.05
450.78	1641.30
450.99	1637.79
451.19	1650.96
451.39	1638.08
451.60	1629.89
451.80	1612.63
452.01	1622.87
452.21	1624.33
452.42	1626.38
452.62	1617.90
452.82	1634.28
453.03	1645.69
453.23	1655.64
453.44	1655.64
453.64	1666.46
453.85	1670.26
454.05	1673.78
454.25	1669.09
454.46	1657.98
454.66	1677.58
454.87	1680.50
455.07	1674.95
455.27	1668.80
455.48	1673.19
455.68	1670.26
455.89	1678.75
456.09	1659.73
456.29	1649.49
456.50	1662.66
456.70	1676.41
456.91	1680.21
457.11	1692.50
457.31	1702.15
457.52	1723.22
457.72	1739.31
457.93	1727.90
458.13	1729.66
458.33	1723.22
458.54	1714.73
458.74	1704.50
458.95	1673.78
459.15	1660.32
459.35	1663.83
459.56	1652.13
459.76	1654.76
459.96	1649.20
460.17	1641.30
460.37	1648.61
460.58	1645.98
460.78	1636.62
460.98	1624.62
461.19	1623.45
461.39	1636.91
461.59	1660.02
461.80	1680.21
462.00	1704.50
462.21	1733.17
462.41	1768.57
462.61	1785.24
462.82	1786.41
463.02	1792.85
463.22	1787.00
463.43	1784.66
463.63	1763.01
463.83	1737.85
464.04	1732.58
464.24	1719.12
464.44	1686.65
464.65	1669.39
464.85	1656.81
465.05	1650.37
465.26	1656.22
465.46	1655.34
465.66	1660.90
465.87	1678.16
466.07	1681.38
466.27	1684.60
466.48	1697.47
466.68	1688.11
466.88	1689.28
467.09	1680.21
467.29	1678.75
467.49	1679.92
467.70	1679.92
467.90	1679.63
468.10	1694.26
468.31	1682.85
468.51	1689.28
468.71	1687.53
468.92	1691.62
469.12	1689.57
469.32	1673.48
469.53	1672.61
469.73	1677.29
469.93	1677.58
470.14	1676.99
470.34	1679.63
470.54	1691.04
470.74	1701.28
470.95	1700.40
471.15	1707.13
471.35	1717.95
471.56	1714.73
471.76	1719.42
471.96	1719.42
472.17	1728.19
472.37	1718.25
472.57	1703.91
472.77	1699.81
472.98	1708.59
473.18	1703.62
473.38	1697.47
473.59	1694.55
473.79	1714.44
473.99	1721.46
474.19	1721.17
474.40	1721.17
474.60	1731.41
474.80	1722.34
475.01	1726.73
475.21	1725.27
475.41	1725.27
475.61	1730.53
475.82	1739.90
476.02	1746.04
476.22	1755.69
476.42	1765.64
476.63	1770.62
476.83	1797.82
477.03	1807.77
477.24	1816.26
477.44	1816.55
477.64	1837.91
477.84	1838.20
478.05	1844.05
478.25	1844.63
478.45	1858.09
478.65	1861.02
478.86	1875.06
479.06	1886.47
479.26	1917.48
479.46	1927.14
479.67	1962.25
479.87	1999.11
480.07	2046.51
480.27	2099.17
480.48	2130.18
480.68	2160.31
480.88	2201.86
481.08	2212.39
481.28	2205.66
481.49	2198.06
481.69	2199.81
481.89	2212.39
482.09	2221.17
482.30	2235.21
482.50	2264.47
482.70	2304.26
482.90	2336.73
483.11	2370.08
483.31	2424.50
483.51	2498.23
483.71	2595.95
483.91	2737.26
484.12	3452.58
484.32	6958.71
484.52	14961.00
484.72	23945.14
484.92	32905.88
485.13	41841.76
485.33	50719.41
485.53	59021.00
485.73	64535.01
485.93	65535.00
486.14	65535.00
486.34	65535.00
486.54	65535.00
486.74	65535.00
486.94	65535.00
487.15	65535.00
487.35	65535.00
487.55	65535.00
487.75	65535.00
487.95	65535.00
488.16	65535.00
488.36	65535.00
488.56	65535.00
488.76	65535.00
488.96	61128.65
489.17	52820.62
489.37	43831.50
489.57	34829.80
489.77	25812.31
489.97	16775.20
490.17	7727.28
490.38	3081.61
490.58	2331.17
490.78	2258.91
490.98	2215.32
491.18	2176.11
491.38	2156.80
491.59	2145.10
491.79	2147.73
491.99	2171.72
492.19	2197.47
492.39	2204.78
492.59	2239.31
492.80	2243.70
493.00	2243.11
493.20	2226.73
493.40	2190.16
493.60	2154.46
493.80	2124.04
494.00	2053.53
494.21	2022.52
494.41	1995.31
494.61	1971.02
494.81	1935.62
495.01	1919.53
495.21	1884.13
495.41	1880.33
495.62	1860.73
495.82	1849.02
496.02	1834.98
496.22	1839.08
496.42	1830.59
496.62	1838.20
496.82	1835.86
497.02	1840.83
497.23	1844.34
497.43	1845.80
497.63	1831.76
497.83	1806.02
498.03	1784.37
498.23	1767.10
498.43	1753.65
498.63	1731.12
498.84	1725.85
499.04	1726.44
499.24	1734.63
499.44	1748.09
499.64	1741.94
499.84	1740.77
500.04	1752.48
500.24	1740.19
500.44	1759.79
500.65	1770.03
500.85	1774.71
501.05	1800.46
501.25	1802.80
501.45	1807.19
501.65	1808.94
501.85	1794.61
502.05	1781.44
502.25	1758.91
502.45	1736.68
502.65	1723.22
502.86	1712.98
503.06	1710.64
503.26	1700.98
503.46	1714.15
503.66	1714.44
503.86	1711.81
504.06	1721.17
504.26	1712.98
504.46	1705.08
504.66	1703.03
504.86	1674.65
505.06	1677.58
505.26	1682.55
505.47	1669.39
505.67	1678.16
505.87	1694.84
506.07	1701.28
506.27	1715.32
506.47	1726.15
506.67	1741.94
506.87	1764.18
507.07	1759.79
507.27	1753.06
507.47	1750.14
507.67	1759.79
507.87	1748.38
508.07	1731.70
508.27	1720.59
508.47	1724.68
508.67	1722.34
508.87	1720.59
509.08	1710.93
509.28	1717.66
509.48	1705.37
509.68	1711.22
509.88	1705.08
510.08	1708.88
510.28	1705.08
510.48	1701.57
510.68	1697.47
510.88	1701.86
511.08	1683.43
511.28	1676.41
511.48	1671.14
511.68	1667.05
511.88	1653.59
512.08	1643.35
512.28	1636.33
512.48	1640.42
512.68	1632.82
512.88	1621.41
513.08	1611.75
513.28	1628.72
513.48	1622.28
513.68	1621.41
513.88	1614.68
514.08	1626.09
514.28	1635.16
514.48	1642.18
514.68	1627.26
514.88	1633.11
515.08	1636.62
515.28	1634.57
515.48	1615.26
515.68	1617.02
515.88	1618.77
516.08	1623.75
516.28	1625.79
516.48	1634.86
516.68	1637.79
516.88	1649.49
517.08	1643.93
517.28	1642.18
517.48	1638.67
517.68	1640.42
517.88	1635.16
518.08	1639.55
518.28	1642.76
518.48	1633.69
518.68	1639.84
518.88	1650.66
519.08	1649.49
519.28	1641.01
519.48	1635.74
519.68	1631.65
519.88	1644.52
520.08	1644.81
520.28	1630.77
520.48	1633.69
520.68	1632.82
520.88	1634.28
521.08	1636.03
521.28	1644.23
521.47	1636.62
521.67	1638.96
521.87	1629.01
522.07	1641.89
522.27	1638.08
522.47	1641.01
522.67	1630.77
522.87	1631.65
523.07	1640.42
523.27	1649.20
523.47	1637.50
523.67	1641.01
523.87	1632.23
524.07	1627.26
524.27	1628.72
524.47	1612.04
524.67	1610.58
524.87	1619.36
525.06	1617.60
525.26	1632.82
525.46	1649.79
525.66	1658.27
525.86	1686.65
526.06	1680.80
526.26	1686.36
526.46	1699.81
526.66	1701.86
526.86	1693.38
527.06	1701.57
527.26	1695.72
527.46	1712.98
527.65	1709.47
527.85	1696.30
528.05	1684.60
528.25	1677.87
528.45	1648.03
528.65	1641.30
528.85	1627.26
529.05	1620.24
529.25	1619.94
529.45	1625.21
529.65	1634.28
529.84	1641.01
530.04	1633.99
530.24	1632.23
530.44	1636.03
530.64	1639.84
530.84	1626.96
531.04	1615.85
531.24	1636.91
531.44	1639.55
531.63	1653.30
531.83	1651.83
532.03	1645.10
532.23	1642.47
532.43	1643.35
532.63	1630.77
532.83	1631.94
533.03	1623.16
533.22	1618.48
533.42	1632.52
533.62	1640.13
533.82	1652.13
534.02	1653.59
534.22	1642.18
534.42	1630.48
534.62	1636.03
534.81	1630.48
535.01	1638.67
535.21	1636.62
535.41	1634.28
535.61	1642.18
535.81	1649.49
536.01	1649.49
536.20	1643.93
536.40	1635.45
536.60	1639.55
536.80	1632.52
537.00	1639.25
537.20	1637.79
537.39	1632.52
537.59	1642.18
537.79	1657.10
537.99	1654.17
538.19	1669.68
538.39	1664.71
538.59	1665.29
538.78	1676.70
538.98	1669.39
539.18	1668.51
539.38	1665.88
539.58	1657.10
539.78	1655.05
539.97	1657.68
540.17	1657.68
540.37	1662.95
540.57	1649.79
540.77	1661.78
540.96	1677.58
541.16	1691.62
541.36	1705.37
541.56	1723.80
541.76	1735.80
541.96	1750.43
542.15	1752.77
542.35	1753.06
542.55	1742.53
542.75	1731.70
542.95	1713.56
543.14	1705.37
543.34	1692.50
543.54	1672.61
543.74	1661.20
543.94	1659.44
544.13	1650.08
544.33	1638.96
544.53	1625.50
544.73	1626.67
544.93	1637.50
545.12	1636.33
545.32	1632.23
545.52	1636.03
545.72	1632.23
545.91	1634.57
546.11	1637.79
546.31	1626.96
546.51	1621.11
546.71	1629.89
546.90	1623.16
547.10	1629.89
547.30	1624.33
547.50	1619.07
547.69	1619.07
547.89	1622.87
548.09	1616.43
548.29	1630.77
548.49	1623.75
548.68	1627.55
548.88	1625.21
549.08	1635.45
549.28	1629.31
549.47	1633.11
549.67	1626.67
549.87	1637.50
550.07	1634.86
550.26	1628.43
550.46	1616.14
550.66	1618.19
550.86	1623.16
551.05	1617.31
551.25	1605.90
551.45	1613.51
551.65	1625.79
551.84	1624.33
552.04	1617.60
552.24	1615.85
552.44	1620.24
552.63	1629.31
552.83	1624.33
553.03	1621.41
553.22	1622.87
553.42	1641.01
553.62	1633.40
553.82	1632.52
554.01	1627.84
554.21	1629.89
554.41	1621.99
554.61	1613.21
554.80	1602.10
555.00	1598.00
555.20	1605.02
555.39	1598.88
555.59	1600.93
555.79	1607.07
555.99	1616.73
556.18	1611.75
556.38	1615.85
556.58	1615.55
556.77	1611.75
556.97	1601.51
557.17	1595.66
557.37	1587.76
557.56	1590.69
557.76	1585.71
557.96	1573.43
558.15	1584.54
558.35	1603.56
558.55	1610.58
558.74	1607.66
558.94	1605.61
559.14	1609.70
559.33	1618.48
559.53	1619.65
559.73	1607.07
559.93	1608.83
560.12	1619.94
560.32	1614.97
560.52	1605.31
560.71	1592.73
560.91	1580.74
561.11	1572.25
561.30	1557.33
561.50	1559.09
561.70	1564.94
561.89	1573.13
562.09	1582.79
562.29	1590.98
562.48	1614.09
562.68	1627.84
562.88	1621.70
563.07	1633.99
563.27	1629.01
563.47	1627.26
563.66	1631.94
563.86	1622.87
564.06	1619.36
564.25	1634.28
564.45	1630.77
564.64	1641.89
564.84	1654.17
565.04	1669.97
565.23	1685.48
565.43	1703.32
565.63	1689.87
565.82	1702.74
566.02	1718.54
566.22	1721.17
566.41	1711.81
566.61	1700.40
566.81	1690.45
567.00	1702.45
567.20	1707.42
567.39	1715.32
567.59	1738.14
567.79	1766.52
567.98	1788.46
568.18	1809.23
568.38	1823.57
568.57	1836.15
568.77	1858.09
568.96	1863.07
569.16	1869.50
569.36	1884.42
569.55	1898.47
569.75	1906.37
569.94	1904.90
570.14	1890.57
570.34	1874.18
570.53	1859.56
570.73	1837.61
570.92	1829.42
571.12	1827.08
571.32	1816.55
571.51	1813.92
571.71	1825.03
571.90	1849.32
572.10	1887.06
572.30	1907.24
572.49	1944.40
572.69	1983.90
572.88	2022.52
573.08	2049.43
573.28	2052.94
573.47	2042.70
573.67	2028.37
573.86	1990.04
574.06	1974.83
574.26	1934.45
574.45	1906.07
574.65	1893.79
574.84	1896.71
575.04	1904.03
575.23	1920.12
575.43	1924.80
575.63	1949.08
575.82	1956.40
576.02	1977.75
576.21	1992.67
576.41	2009.64
576.60	2014.91
576.80	2009.06
576.99	2032.76
577.19	2072.54
577.39	2073.13
577.58	2073.13
577.78	2080.74
577.97	2105.31
578.17	2142.47
578.36	2153.00
578.56	2144.52
578.75	2160.31
578.95	2175.24
579.15	2187.52
579.34	2196.01
579.54	2193.08
579.73	2210.05
579.93	2241.94
580.12	2273.25
580.32	2329.42
580.51	2391.15
580.71	2459.32
580.90	2518.42
581.10	2554.69
581.29	2576.93
581.49	2584.54
581.68	2556.74
581.88	2526.61
582.07	2494.72
582.27	2461.95
582.47	2417.77
582.66	2389.98
582.86	2360.14
583.05	2337.61
583.25	2306.60
583.44	2265.05
583.64	2229.36
583.83	2203.32
584.03	2165.29
584.22	2130.47
584.42	2093.90
584.61	2070.79
584.81	2045.34
585.00	2025.15
585.20	1997.65
585.39	1979.22
585.59	1968.10
585.78	1964.29
585.98	1970.73
586.17	1969.56
586.37	1971.90
586.56	1992.97
586.76	2029.83
586.95	2054.41
587.15	2079.57
587.34	2087.76
587.54	2109.12
587.73	2147.15
587.92	2169.09
588.12	2172.02
588.31	2193.37
588.51	2192.50
588.70	2188.69
588.90	2179.62
589.09	2147.73
589.29	2114.67
589.48	2078.10
589.68	2044.17
589.87	2017.83
590.07	1987.70
590.26	1960.78
590.46	1952.88
590.65	1941.77
590.84	1944.11
591.04	1945.57
591.23	1959.61
591.43	1971.61
591.62	1986.53
591.82	2013.45
592.01	2045.04
592.21	2082.78
592.40	2102.39
592.59	2140.13
592.79	2174.65
592.98	2224.09
593.18	2231.70
593.37	2251.60
593.57	2258.62
593.76	2269.73
593.96	2252.77
594.15	2242.53
594.34	2221.17
594.54	2208.30
594.73	2171.72
594.93	2133.40
595.12	2102.97
595.32	2085.42
595.51	2071.67
595.70	2051.19
595.90	2045.92
596.09	2065.23
596.29	2092.15
596.48	2110.58
596.67	2149.78
596.87	2164.70
597.06	2183.72
597.26	2204.78
597.45	2216.19
597.65	2223.51
597.84	2229.95
598.03	2203.91
598.23	2197.18
598.42	2176.99
598.62	2145.69
598.81	2118.77
599.00	2071.96
599.20	2030.41
599.39	2005.25
599.58	1973.36
599.78	1942.64
599.97	1933.87
600.17	1911.93
600.36	1920.99
600.55	1928.60
600.75	1939.13
600.94	1966.34
601.14	2016.96
601.33	2048.55
601.52	2109.99
601.72	2160.31
601.91	2209.76
602.10	2274.71
602.30	2321.23
602.49	2357.21
602.69	2385.59
602.88	2376.81
603.07	2354.29
603.27	2328.54
603.46	2265.05
603.65	2227.31
603.85	2173.77
604.04	2126.96
604.23	2093.61
604.43	2071.67
604.62	2043.00
604.82	2039.78
605.01	2002.33
605.20	1991.50
605.40	1971.90
605.59	1969.56
605.78	1957.57
605.98	1972.78
606.17	1971.90
606.36	1992.09
606.56	2002.33
606.75	2020.76
606.94	2025.44
607.14	2035.97
607.33	2035.97
607.52	2045.34
607.72	2051.48
607.91	2062.89
608.10	2066.99
608.30	2076.06
608.49	2082.78
608.68	2083.66
608.88	2066.69
609.07	2056.75
609.26	2038.31
609.46	2013.15
609.65	1996.77
609.84	1968.98
610.03	1941.18
610.23	1928.60
610.42	1907.54
610.61	1894.08
610.81	1894.66
611.00	1890.57
611.19	1902.27
611.39	1917.48
611.58	1923.63
611.77	1960.49
611.97	1984.19
612.16	2001.74
612.35	2029.54
612.54	2052.94
612.74	2081.91
612.93	2091.56
613.12	2089.51
613.32	2088.34
613.51	2086.30
613.70	2062.30
613.89	2043.00
614.09	2023.10
614.28	2017.83
614.47	1987.70
614.67	1972.19
614.86	1963.42
615.05	1948.79
615.24	1952.01
615.44	1942.94
615.63	1937.96
615.82	1933.28
616.01	1942.94
616.21	1933.87
616.40	1936.79
616.59	1915.73
616.78	1918.07
616.98	1913.68
617.17	1917.19
617.36	1895.25
617.56	1895.25
617.75	1890.86
617.94	1890.57
618.13	1865.41
618.33	1855.75
618.52	1851.07
618.71	1858.97
618.90	1862.48
619.10	1862.48
619.29	1865.99
619.48	1880.91
619.67	1878.28
619.86	1881.79
620.06	1850.49
620.25	1831.18
620.44	1802.51
620.63	1777.93
620.83	1757.45
621.02	1755.11
621.21	1742.53
621.40	1767.40
621.60	1787.29
621.79	1805.72
621.98	1824.45
622.17	1840.54
622.36	1853.70
622.56	1873.60
622.75	1877.40
622.94	1885.01
623.13	1901.69
623.33	1924.51
623.52	1923.63
623.71	1926.26
623.90	1902.27
624.09	1878.28
624.29	1854.58
624.48	1821.52
624.67	1786.41
624.86	1765.35
625.05	1729.36
625.25	1729.95
625.44	1741.65
625.63	1724.68
625.82	1738.73
626.01	1746.04
626.21	1759.21
626.40	1803.38
626.59	1822.98
626.78	1830.30
626.97	1846.10
627.16	1869.50
627.36	1868.04
627.55	1870.97
627.74	1855.75
627.93	1844.05
628.12	1835.27
628.31	1847.27
628.51	1844.63
628.70	1861.31
628.89	1873.01
629.08	1885.01
629.27	1897.88
629.47	1910.46
629.66	1915.14
629.85	1907.54
630.04	1900.81
630.23	1899.05
630.42	1896.71
630.61	1905.20
630.81	1920.70
631.00	1923.04
631.19	1925.97
631.38	1945.57
631.57	1947.33
631.76	1963.12
631.96	1974.53
632.15	1990.92
632.34	2005.84
632.53	2030.12
632.72	2034.22
632.91	2054.41
633.10	2052.36
633.29	2039.48
633.49	2025.44
633.68	2022.52
633.87	2013.15
634.06	2015.79
634.25	1997.35
634.44	1988.29
634.63	1996.48
634.83	1978.34
635.02	1979.22
635.21	1976.00
635.40	1968.39
635.59	1973.66
635.78	1976.58
635.97	1973.66
636.16	1998.52
636.35	1988.58
636.55	1983.60
636.74	1992.97
636.93	2013.74
637.12	2023.98
637.31	2041.82
637.50	2052.06
637.69	2075.47
637.88	2090.39
638.07	2105.31
638.26	2114.67
638.46	2117.60
638.65	2121.99
638.84	2124.91
639.03	2130.18
639.22	2146.56
639.41	2137.49
639.60	2129.59
639.79	2151.83
639.98	2161.19
640.17	2157.39
640.36	2179.04
640.56	2181.09
640.75	2194.25
640.94	2211.22
641.13	2212.39
641.32	2203.61
641.51	2219.41
641.70	2222.92
641.89	2243.40
642.08	2263.88
642.27	2282.90
642.46	2306.60
642.65	2339.66
642.84	2363.94
643.03	2375.35
643.22	2400.22
643.42	2413.09
643.61	2440.30
643.80	2455.81
643.99	2475.70
644.18	2475.99
644.37	2490.33
644.56	2478.92
644.75	2504.96
644.94	2491.50
645.13	2494.43
645.32	2495.30
645.51	2510.52
645.70	2502.91
645.89	2526.02
646.08	2524.27
646.27	2549.72
646.46	2564.35
646.65	2608.53
646.84	2626.37
647.03	2670.26
647.22	2681.08
647.41	2709.46
647.60	2712.97
647.79	2728.48
647.98	2711.22
648.17	2731.11
648.36	2733.75
648.56	2757.74
648.75	2767.98
648.94	2803.38
649.13	2842.87
649.32	2888.51
649.51	2933.28
649.70	2993.55
649.89	3052.64
650.08	3111.16
650.27	3169.96
650.46	3219.11
650.65	3276.46
650.84	3324.44
651.03	3381.20
651.22	3490.91
651.41	3641.00
651.60	3835.55
651.79	4106.47
651.98	4420.10
652.17	4770.89
652.36	5100.03
652.55	5365.39
652.74	5579.54
652.92	5736.36
653.11	5822.08
653.30	5851.34
653.49	5898.74
653.68	6033.32
653.87	6329.69
654.06	6994.69
654.25	14765.56
654.44	23290.67
654.63	31819.00
654.82	40292.91
655.01	48677.29
655.20	56904.57
655.39	64770.52
655.58	65535.00
655.77	65535.00
655.96	65535.00
656.15	65535.00
656.34	65535.00
656.53	65535.00
656.72	65535.00
656.91	65535.00
657.10	65535.00
657.29	65535.00
657.48	65535.00
657.67	65535.00
657.86	65535.00
658.04	65535.00
658.23	65535.00
658.42	65535.00
658.61	65535.00
658.80	65535.00
658.99	65535.00
659.18	65535.00
659.37	65535.00
659.56	65535.00
659.75	65535.00
659.94	65535.00
660.13	65535.00
660.32	65535.00
660.51	65535.00
660.69	65535.00
660.88	65535.00
661.07	65535.00
661.26	65535.00
661.45	65535.00
661.64	65535.00
661.83	65535.00
662.02	65535.00
662.21	65535.00
662.40	65535.00
662.59	65535.00
662.78	65535.00
662.96	65535.00
663.15	65535.00
663.34	65535.00
663.53	65535.00
663.72	65535.00
663.91	65535.00
664.10	65535.00
664.29	65535.00
664.48	65535.00
664.66	65535.00
664.85	65535.00
665.04	65535.00
665.23	65535.00
665.42	65535.00
665.61	65535.00
665.80	65535.00
665.99	65535.00
666.18	65535.00
666.36	65535.00
666.55	65535.00
666.74	65535.00
666.93	65535.00
667.12	65535.00
667.31	65535.00
667.50	65535.00
667.69	65535.00
667.87	65535.00
668.06	65535.00
668.25	65535.00
668.44	65535.00
668.63	65535.00
668.82	65535.00
669.01	65535.00
669.19	65535.00
669.38	65535.00
669.57	65535.00
669.76	65535.00
669.95	65535.00
670.14	65535.00
670.32	65535.00
670.51	65535.00
670.70	65535.00
670.89	65535.00
671.08	65535.00
671.27	65535.00
671.46	65535.00
671.64	65535.00
671.83	65535.00
672.02	65535.00
672.21	65535.00
672.40	65535.00
672.59	65535.00
672.77	65535.00
672.96	65535.00
673.15	65535.00
673.34	65535.00
673.53	65535.00
673.71	65535.00
673.90	65535.00
674.09	65535.00
674.28	65535.00
674.47	65535.00
674.66	65535.00
674.84	65535.00
675.03	65535.00
675.22	65535.00
675.41	65535.00
675.60	65535.00
675.78	65535.00
675.97	65535.00
676.16	65535.00
676.35	65535.00
676.54	65535.00
676.72	59963.94
676.91	54445.25
677.10	45369.24
677.29	36279.18
677.47	27194.98
677.66	18087.37
677.85	8995.26
678.04	5473.05
678.23	1885.30
678.41	1852.24
678.60	1843.17
678.79	1822.40
678.98	1822.11
679.17	1795.48
679.35	1781.73
679.54	1778.22
679.73	1775.00
679.92	1780.86
680.10	1784.66
680.29	1779.39
680.48	1803.38
680.67	1794.90
680.85	1798.41
681.04	1809.82
681.23	1796.65
681.42	1782.32
681.60	1784.95
681.79	1765.35
681.98	1764.47
682.17	1749.55
682.35	1741.65
682.54	1734.92
682.73	1734.04
682.92	1722.63
683.10	1721.17
683.29	1720.88
683.48	1714.15
683.67	1696.60
683.85	1693.96
684.04	1686.36
684.23	1675.24
684.42	1661.78
684.60	1655.05
684.79	1647.44
684.98	1648.91
685.16	1635.74
685.35	1636.33
685.54	1644.81
685.73	1644.23
685.91	1638.37
686.10	1632.52
686.29	1617.90
686.48	1617.02
686.66	1606.78
686.85	1598.29
687.04	1598.29
687.22	1598.00
687.41	1608.53
687.60	1617.90
687.78	1616.43
687.97	1626.67
688.16	1629.31
688.35	1630.77
688.53	1617.31
688.72	1601.51
688.91	1601.22
689.09	1593.90
689.28	1586.30
689.47	1584.84
689.65	1578.40
689.84	1592.44
690.03	1597.71
690.22	1581.91
690.40	1588.35
690.59	1579.57
690.78	1567.57
690.96	1566.70
691.15	1555.58
691.34	1549.73
691.52	1543.29
691.71	1535.98
691.90	1539.78
692.08	1545.34
692.27	1541.24
692.46	1526.61
692.64	1530.42
692.83	1544.75
693.02	1540.37
693.20	1541.54
693.39	1533.34
693.58	1529.54
693.76	1528.66
693.95	1524.27
694.14	1511.99
694.32	1516.96
694.51	1504.96
694.70	1511.11
694.88	1514.62
695.07	1531.30
695.25	1525.44
695.44	1537.44
695.63	1540.95
695.81	1539.19
696.00	1533.34
696.19	1533.05
696.37	1525.74
696.56	1529.83
696.75	1529.25
696.93	1521.06
697.12	1530.42
697.30	1533.05
697.49	1529.83
697.68	1533.93
697.86	1532.17
698.05	1517.25
698.24	1506.72
698.42	1500.58
698.61	1511.40
698.79	1519.30
698.98	1526.61
699.17	1522.81
699.35	1535.10
699.54	1557.33
699.72	1554.12
699.91	1549.73
700.10	1536.56
700.28	1521.93
700.47	1538.90
700.65	1536.56
700.84	1519.89
701.03	1533.93
701.21	1528.37
701.40	1535.39
701.58	1533.05
701.77	1527.20
701.96	1527.20
702.14	1541.83
702.33	1529.25
702.51	1538.02
702.70	1539.78
702.89	1547.68
703.07	1547.39
703.26	1549.73
703.44	1552.07
703.63	1558.80
703.81	1546.22
704.00	1544.75
704.19	1538.61
704.37	1543.29
704.56	1549.73
704.74	1537.44
704.93	1529.54
705.11	1537.15
705.30	1543.88
705.49	1557.04
705.67	1549.14
705.86	1532.76
706.04	1522.81
706.23	1532.47
706.41	1530.13
706.60	1515.50
706.78	1503.21
706.97	1512.86
707.16	1518.72
707.34	1521.35
707.53	1513.16
707.71	1513.16
707.90	1517.25
708.08	1517.25
708.27	1507.60
708.45	1516.37
708.64	1509.94
708.82	1511.11
709.01	1500.58
709.19	1495.31
709.38	1492.38
709.56	1486.24
709.75	1477.46
709.94	1494.14
710.12	1491.51
710.31	1506.43
710.49	1512.57
710.68	1526.32
710.86	1536.27
711.05	1535.98
711.23	1525.74
711.42	1530.42
711.60	1523.69
711.79	1528.37
711.97	1517.54
712.16	1516.08
712.34	1510.52
712.53	1517.25
712.71	1509.35
712.90	1495.31
713.08	1490.34
713.27	1490.63
713.45	1488.87
713.64	1497.36
713.82	1488.87
714.01	1488.58
714.19	1503.21
714.38	1495.89
714.56	1503.79
714.75	1502.62
714.93	1504.67
715.12	1510.82
715.30	1516.37
715.49	1516.08
715.67	1519.59
715.85	1516.37
716.04	1518.13
716.22	1512.57
716.41	1521.06
716.59	1520.18
716.78	1512.57
716.96	1517.54
717.15	1515.50
717.33	1524.27
717.52	1519.30
717.70	1517.25
717.89	1520.47
718.07	1534.81
718.25	1552.95
718.44	1557.63
718.62	1557.33
718.81	1570.50
718.99	1574.30
719.18	1575.77
719.36	1578.11
719.55	1551.78
719.73	1547.68
719.92	1535.98
720.10	1531.88
720.28	1517.54
720.47	1507.30
720.65	1493.26
720.84	1500.58
721.02	1496.77
721.21	1499.11
721.39	1493.26
721.57	1499.70
721.76	1513.74
721.94	1516.37
722.13	1508.77
722.31	1521.93
722.50	1536.27
722.68	1550.02
722.86	1553.53
723.05	1558.80
723.23	1569.33
723.42	1592.73
723.60	1589.22
723.78	1574.30
723.97	1573.43
724.15	1561.72
724.34	1559.67
724.52	1556.16
724.70	1543.29
724.89	1549.14
725.07	1567.57
725.26	1577.23
725.44	1586.59
725.62	1584.25
725.81	1586.59
725.99	1590.69
726.18	1590.10
726.36	1578.98
726.54	1565.82
726.73	1578.11
726.91	1574.30
727.10	1564.94
727.28	1562.31
727.46	1556.75
727.65	1554.99
727.83	1558.21
728.01	1544.46
728.20	1552.65
728.38	1559.09
728.57	1576.64
728.75	1574.30
728.93	1577.52
729.12	1573.13
729.30	1576.94
729.48	1568.16
729.67	1571.96
729.85	1559.09
730.03	1554.99
730.22	1562.89
730.40	1567.87
730.58	1573.72
730.77	1577.81
730.95	1583.96
731.13	1582.79
731.32	1600.63
731.50	1586.88
731.69	1578.11
731.87	1569.04
732.05	1566.70
732.24	1551.48
732.42	1543.29
732.60	1531.00
732.79	1523.69
732.97	1528.66
733.15	1523.69
733.34	1509.35
733.52	1501.16
733.70	1507.30
733.89	1509.35
734.07	1514.91
734.25	1504.38
734.43	1500.58
734.62	1519.89
734.80	1537.15
734.98	1537.15
735.17	1538.32
735.35	1543.88
735.53	1544.17
735.72	1564.94
735.90	1564.65
736.08	1554.99
736.27	1552.36
736.45	1552.36
736.63	1546.22
736.81	1541.83
737.00	1524.27
737.18	1507.60
737.36	1500.28
737.55	1496.77
737.73	1486.83
737.91	1496.48
738.10	1493.85
738.28	1488.00
738.46	1478.63
738.64	1490.63
738.83	1487.12
739.01	1485.66
739.19	1484.78
739.38	1484.78
739.56	1490.04
739.74	1507.60
739.92	1499.41
740.11	1499.41
740.29	1500.28
740.47	1491.21
740.65	1489.75
740.84	1486.83
741.02	1473.07
741.20	1477.46
741.38	1490.92
741.57	1488.87
741.75	1492.68
741.93	1509.65
742.11	1521.93
742.30	1534.22
742.48	1525.74
742.66	1519.01
742.84	1504.09
743.03	1504.96
743.21	1498.24
743.39	1495.02
743.57	1497.07
743.76	1507.89
743.94	1506.72
744.12	1543.00
744.30	1544.46
744.49	1556.75
744.67	1558.21
744.85	1566.70
745.03	1563.48
745.22	1581.03
745.40	1575.47
745.58	1571.67
745.76	1570.79
745.94	1580.74
746.13	1583.96
746.31	1595.95
746.49	1580.15
746.67	1576.64
746.86	1583.08
747.04	1572.25
747.22	1570.79
747.40	1547.68
747.58	1532.17
747.77	1540.95
747.95	1544.17
748.13	1546.51
748.31	1538.61
748.49	1519.01
748.68	1525.44
748.86	1523.98
749.04	1504.38
749.22	1495.02
749.40	1479.80
749.59	1490.04
749.77	1502.04
749.95	1497.36
750.13	1491.51
750.31	1496.77
750.49	1492.97
750.68	1512.86
750.86	1506.72
751.04	1494.14
751.22	1509.94
751.40	1527.49
751.59	1524.86
751.77	1537.73
751.95	1535.68
752.13	1540.66
752.31	1551.78
752.49	1542.41
752.68	1527.20
752.86	1526.61
753.04	1524.57
753.22	1523.40
753.40	1533.05
753.58	1533.34
753.76	1537.44
753.95	1544.17
754.13	1552.36
754.31	1551.78
754.49	1535.98
754.67	1524.57
754.85	1519.01
755.04	1510.82
755.22	1516.37
755.40	1508.77
755.58	1481.56
755.76	1479.51
755.94	1471.61
756.12	1473.95
756.30	1478.05
756.49	1473.66
756.67	1479.22
756.85	1503.21
757.03	1520.18
757.21	1528.08
757.39	1525.44
757.57	1531.00
757.75	1533.93
757.94	1521.93
758.12	1513.16
758.30	1498.53
758.48	1515.20
758.66	1521.93
758.84	1518.13
759.02	1526.03
759.20	1540.07
759.38	1552.95
759.57	1564.94
759.75	1554.41
759.93	1557.33
760.11	1567.57
760.29	1561.72
760.47	1561.14
760.65	1558.80
760.83	1552.36
761.01	1558.21
761.19	1553.82
761.38	1547.09
761.56	1532.47
761.74	1526.03
761.92	1521.06
762.10	1528.66
762.28	1515.20
762.46	1514.62
762.64	1509.65
762.82	1518.72
763.00	1515.50
763.18	1511.99
763.36	1499.99
763.54	1496.77
763.73	1489.46
763.91	1480.10
764.09	1483.02
764.27	1483.90
764.45	1494.72
764.63	1495.60
764.81	1511.99
764.99	1516.96
765.17	1529.54
765.35	1536.56
765.53	1539.49
765.71	1534.22
765.89	1537.73
766.07	1540.66
766.25	1541.24
766.43	1535.98
766.61	1523.98
766.79	1536.56
766.98	1539.19
767.16	1540.66
767.34	1531.30
767.52	1531.59
767.70	1532.17
767.88	1528.37
768.06	1522.23
768.24	1516.67
768.42	1516.08
768.60	1509.06
768.78	1503.79
768.96	1502.92
769.14	1509.94
769.32	1507.30
769.50	1514.33
769.68	1511.69
769.86	1513.45
770.04	1520.76
770.22	1521.06
770.40	1517.25
770.58	1504.96
770.76	1496.77
770.94	1498.53
771.12	1497.94
771.30	1485.95
771.48	1489.46
771.66	1485.95
771.84	1493.26
772.02	1495.89
772.20	1483.61
772.38	1483.31
772.56	1496.48
772.74	1495.31
772.92	1501.45
773.10	1492.09
773.28	1478.93
773.46	1494.14
773.64	1499.11
773.82	1482.73
774.00	1477.46
774.18	1475.71
774.36	1473.66
774.54	1468.98
774.72	1460.20
774.90	1452.30
775.08	1450.84
775.26	1454.94
775.44	1461.96
775.62	1481.56
775.80	1524.27
775.97	1573.72
776.15	1658.56
776.33	1767.98
776.51	1899.64
776.69	2045.92
776.87	2189.86
777.05	2301.92
777.23	2377.98
777.41	2392.91
777.59	2364.23
777.77	2296.36
777.95	2192.50
778.13	2082.78
778.31	1985.65
778.49	1895.83
778.67	1824.45
778.85	1787.00
779.03	1748.38
779.21	1704.20
779.38	1677.87
779.56	1649.49
779.74	1632.23
779.92	1609.70
780.10	1591.56
780.28	1574.89
780.46	1579.28
780.64	1554.70
780.82	1537.15
781.00	1541.24
781.18	1542.41
781.36	1527.20
781.53	1508.77
781.71	1488.29
781.89	1483.90
782.07	1471.03
782.25	1451.72
782.43	1437.09
782.61	1436.80
782.79	1439.72
782.97	1454.35
783.15	1466.64
783.33	1492.09
783.50	1483.31
783.68	1491.51
783.86	1480.68
784.04	1477.76
784.22	1466.64
784.40	1473.66
784.58	1455.52
784.76	1452.89
784.94	1444.40
785.11	1439.72
785.29	1433.87
785.47	1441.18
785.65	1430.95
785.83	1437.09
786.01	1432.99
786.19	1445.28
786.37	1457.86
786.54	1466.64
786.72	1455.52
786.90	1456.69
787.08	1461.08
787.26	1471.32
787.44	1462.25
787.62	1463.71
787.79	1473.66
787.97	1472.20
788.15	1459.32
788.33	1446.45
788.51	1442.06
788.69	1439.72
788.87	1427.14
789.04	1421.29
789.22	1430.95
789.40	1444.40
789.58	1452.89
789.76	1447.62
789.94	1447.62
790.11	1461.66
790.29	1459.91
790.47	1454.64
790.65	1446.16
790.83	1445.57
791.01	1457.28
791.18	1462.54
791.36	1471.90
791.54	1476.88
791.72	1477.46
791.90	1488.29
792.07	1483.31
792.25	1475.71
792.43	1466.35
792.61	1459.62
792.79	1449.67
792.97	1451.13
793.14	1451.42
793.32	1452.01
793.50	1452.01
793.68	1471.32
793.86	1473.66
794.03	1473.37
794.21	1475.71
794.39	1475.42
794.57	1476.88
794.75	1490.04
794.92	1481.56
795.10	1473.66
795.28	1478.93
795.46	1468.39
795.64	1461.66
795.81	1468.10
795.99	1453.18
796.17	1463.13
796.35	1454.06
796.52	1451.42
796.70	1458.15
796.88	1464.01
797.06	1463.71
797.24	1462.83
797.41	1446.45
797.59	1456.98
797.77	1459.62
797.95	1467.52
798.12	1455.23
798.30	1442.65
798.48	1447.33
798.66	1448.79
798.83	1444.11
799.01	1442.94
799.19	1430.95
799.37	1444.11
799.54	1445.28
799.72	1449.96
799.90	1458.74
800.08	1457.86
800.25	1452.30
800.43	1456.40
800.61	1444.40
800.79	1440.89
800.96	1440.31
801.14	1428.90
801.32	1434.75
801.50	1435.92
801.67	1446.16
801.85	1454.94
802.03	1476.00
802.21	1479.22
802.38	1481.85
802.56	1485.66
802.74	1489.75
802.91	1479.22
803.09	1482.14
803.27	1471.03
803.45	1466.35
803.62	1470.73
803.80	1460.49
803.98	1452.01
804.15	1455.23
804.33	1451.42
804.51	1454.94
804.69	1447.33
804.86	1436.50
805.04	1440.01
805.22	1440.60
805.39	1440.89
805.57	1437.67
805.75	1424.51
805.92	1430.65
806.10	1444.40
806.28	1448.79
806.45	1466.35
806.63	1461.37
806.81	1462.54
806.99	1479.80
807.16	1473.95
807.34	1471.32
807.52	1466.05
807.69	1455.52
807.87	1452.01
808.05	1442.06
808.22	1427.14
808.40	1437.97
808.58	1437.67
808.75	1436.80
808.93	1442.94
809.11	1442.65
809.28	1451.13
809.46	1458.15
809.64	1451.13
809.81	1454.94
809.99	1459.91
810.17	1450.25
810.34	1448.21
810.52	1454.06
810.70	1443.82
810.87	1455.52
811.05	1448.21
811.22	1440.01
811.40	1444.70
811.58	1457.28
811.75	1441.77
811.93	1450.84
812.11	1438.84
812.28	1438.84
812.46	1446.45
812.64	1441.77
812.81	1434.46
812.99	1437.97
813.16	1438.55
813.34	1435.63
813.52	1431.24
813.69	1416.32
813.87	1422.75
814.05	1417.78
814.22	1423.05
814.40	1408.12
814.57	1406.37
814.75	1401.69
814.93	1403.15
815.10	1409.88
815.28	1424.80
815.46	1421.88
815.63	1428.31
815.81	1430.95
815.98	1442.06
816.16	1462.54
816.34	1448.79
816.51	1432.41
816.69	1441.48
816.86	1442.06
817.04	1448.21
817.21	1450.55
817.39	1438.84
817.57	1437.09
817.74	1447.91
817.92	1445.28
818.09	1453.47
818.27	1453.77
818.45	1456.98
818.62	1458.45
818.80	1458.45
818.97	1456.98
819.15	1462.54
819.32	1464.01
819.50	1457.57
819.68	1456.69
819.85	1452.59
820.03	1456.40
820.20	1452.89
820.38	1442.94
820.55	1436.80
820.73	1435.04
820.91	1428.02
821.08	1435.63
821.26	1438.84
821.43	1446.45
821.61	1457.28
821.78	1458.15
821.96	1453.47
822.13	1452.30
822.31	1444.11
822.48	1448.50
822.66	1441.48
822.84	1442.65
823.01	1455.23
823.19	1468.69
823.36	1474.83
823.54	1471.61
823.71	1464.88
823.89	1473.66
824.06	1459.91
824.24	1449.96
824.41	1437.38
824.59	1429.77
824.76	1430.65
824.94	1422.46
825.11	1415.15
825.29	1405.20
825.46	1402.86
825.64	1413.39
825.81	1422.17
825.99	1432.12
826.16	1445.87
826.34	1435.33
826.52	1447.33
826.69	1448.50
826.87	1449.67
827.04	1444.40
827.22	1432.41
827.39	1419.24
827.57	1426.26
827.74	1422.46
827.91	1434.75
828.09	1434.75
828.26	1434.75
828.44	1436.21
828.61	1437.38
828.79	1452.30
828.96	1449.08
829.14	1435.92
829.31	1441.48
829.49	1443.23
829.66	1444.99
829.84	1459.62
830.01	1447.04
830.19	1453.18
830.36	1459.03
830.54	1444.70
830.71	1435.04
830.89	1437.67
831.06	1431.53
831.24	1437.09
831.41	1441.77
831.58	1436.80
831.76	1444.40
831.93	1454.64
832.11	1452.59
832.28	1446.74
832.46	1442.65
832.63	1438.26
832.81	1436.80
832.98	1439.43
833.16	1423.34
833.33	1416.02
833.50	1407.54
833.68	1411.93
833.85	1411.93
834.03	1422.75
834.20	1419.24
834.38	1428.02
834.55	1436.50
834.72	1451.13
834.90	1436.21
835.07	1442.06
835.25	1426.85
835.42	1431.82
835.60	1433.87
835.77	1429.77
835.94	1437.38
836.12	1445.28
836.29	1443.82
836.47	1454.06
836.64	1441.18
836.81	1436.50
836.99	1434.46
837.16	1428.02
837.34	1426.26
837.51	1425.68
837.68	1423.34
837.86	1435.33
838.03	1433.58
838.21	1443.53
838.38	1432.12
838.55	1436.80
838.73	1436.50
838.90	1421.58
839.08	1421.29
839.25	1438.84
839.42	1444.40
839.60	1447.91
839.77	1453.18
839.95	1447.62
840.12	1446.45
840.29	1444.70
840.47	1435.63
840.64	1427.43
840.81	1423.05
840.99	1405.20
841.16	1401.40
841.34	1417.19
841.51	1416.02
841.68	1418.66
841.86	1410.17
842.03	1419.24
842.20	1426.26
842.38	1439.14
842.55	1437.67
842.72	1431.24
842.90	1425.97
843.07	1440.89
843.24	1444.40
843.42	1469.27
843.59	1486.83
843.77	1519.89
843.94	1571.08
844.11	1622.28
844.29	1657.10
844.46	1686.65
844.63	1694.55
844.81	1691.33
844.98	1677.58
845.15	1646.57
845.33	1618.77
845.50	1595.37
845.67	1563.19
845.85	1534.22
846.02	1516.37
846.19	1498.24
846.37	1490.04
846.54	1479.22
846.71	1470.15
846.88	1474.54
847.06	1484.48
847.23	1484.19
847.40	1486.83
847.58	1496.48
847.75	1485.36
847.92	1488.00
848.10	1478.93
848.27	1465.47
848.44	1473.37
848.62	1459.62
848.79	1444.11
848.96	1440.60
849.13	1420.41
849.31	1416.61
849.48	1427.14
849.65	1416.61
849.83	1425.09
850.00	1418.07
850.17	1436.21
850.34	1437.09
850.52	1444.11
850.69	1440.60
850.86	1438.84
851.04	1442.06
851.21	1446.74
851.38	1444.40
851.55	1454.64
851.73	1457.57
851.90	1460.49
852.07	1470.15
852.24	1468.69
852.42	1465.18
852.59	1462.83
852.76	1458.45
852.93	1459.32
853.11	1444.70
853.28	1435.92
853.45	1432.70
853.62	1435.04
853.80	1429.19
853.97	1427.73
854.14	1420.41
854.31	1430.36
854.49	1440.89
854.66	1441.77
854.83	1448.21
855.00	1442.94
855.18	1451.13
855.35	1450.84
855.52	1450.55
855.69	1457.28
855.87	1469.56
856.04	1461.37
856.21	1458.45
856.38	1449.08
856.56	1442.94
856.73	1446.45
856.90	1426.85
857.07	1419.83
857.24	1425.09
857.42	1426.26
857.59	1424.51
857.76	1427.43
857.93	1439.72
858.10	1445.28
858.28	1437.38
858.45	1428.02
858.62	1432.12
858.79	1421.88
858.96	1432.12
859.14	1416.90
859.31	1422.46
859.48	1423.63
859.65	1427.43
859.82	1429.48
860.00	1444.70
860.17	1434.16
860.34	1427.14
860.51	1421.29
860.68	1418.07
860.86	1428.90
861.03	1411.34
861.20	1409.00
861.37	1420.12
861.54	1430.95
861.71	1423.63
861.89	1429.77
862.06	1419.83
862.23	1433.29
862.40	1436.21
862.57	1430.95
862.74	1421.58
862.92	1422.17
863.09	1418.95
863.26	1426.56
863.43	1427.43
863.60	1432.99
863.77	1434.16
863.95	1442.65
864.12	1444.11
864.29	1444.99
864.46	1437.09
864.63	1436.21
864.80	1430.36
864.97	1431.24
865.15	1426.26
865.32	1427.73
865.49	1435.04
865.66	1432.12
865.83	1438.26
866.00	1441.48
866.17	1448.79
866.35	1451.42
866.52	1450.55
866.69	1444.40
866.86	1451.42
867.03	1442.36
867.20	1438.84
867.37	1428.31
867.54	1429.48
867.72	1423.05
867.89	1413.98
868.06	1412.51
868.23	1428.02
868.40	1425.39
868.57	1424.22
868.74	1421.29
868.91	1427.43
869.08	1436.50
869.26	1436.21
869.43	1426.85
869.60	1427.14
869.77	1420.71
869.94	1415.15
870.11	1414.56
870.28	1410.47
870.45	1410.47
870.62	1414.85
870.79	1414.85
870.96	1423.05
871.14	1413.39
871.31	1412.22
871.48	1412.22
871.65	1412.81
871.82	1404.32
871.99	1413.98
872.16	1421.00
872.33	1436.80
872.50	1425.39
872.67	1421.00
872.84	1413.10
873.01	1413.10
873.18	1397.30
873.35	1386.18
873.53	1376.82
873.70	1393.79
873.87	1394.96
874.04	1414.56
874.21	1414.27
874.38	1422.17
874.55	1427.73
874.72	1434.75
874.89	1433.87
875.06	1434.46
875.23	1429.19
875.40	1426.56
875.57	1430.07
875.74	1427.14
875.91	1426.56
876.08	1425.97
876.25	1428.90
876.42	1416.90
876.59	1417.78
876.76	1425.09
876.93	1421.29
877.10	1414.27
877.27	1415.15
877.44	1425.09
877.61	1428.31
877.79	1437.97
877.96	1424.80
878.13	1421.88
878.30	1433.87
878.47	1451.13
878.64	1437.09
878.81	1440.60
878.98	1428.60
879.15	1435.92
879.32	1447.62
879.49	1438.84
879.66	1417.78
879.83	1436.80
880.00	1440.01
880.17	1440.01
880.34	1438.55
880.51	1453.18
880.68	1456.40
880.85	1464.01
881.02	1460.49
881.19	1447.62
881.36	1456.11
881.53	1462.25
881.69	1437.38
881.86	1453.77
882.03	1452.89
882.20	1434.75
882.37	1447.62
882.54	1442.36
882.71	1432.70
882.88	1440.89
883.05	1432.12
883.22	1429.77
883.39	1439.72
883.56	1437.09
883.73	1433.87
883.90	1437.09
884.07	1434.46
884.24	1440.89
884.41	1439.43
884.58	1447.33
884.75	1441.77
884.92	1460.20
885.09	1459.91
885.26	1458.45
885.43	1455.52
885.60	1455.23
885.77	1454.64
885.93	1455.23
886.10	1438.55
886.27	1430.36
886.44	1429.77
886.61	1420.41
886.78	1433.29
886.95	1423.63
887.12	1426.56
887.29	1434.75
887.46	1437.97
887.63	1448.79
887.80	1443.82
887.97	1443.23
888.14	1451.42
888.30	1448.79
888.47	1442.65
888.64	1448.50
888.81	1440.89
888.98	1447.33
889.15	1437.97
889.32	1438.26
889.49	1447.62
889.66	1448.21
889.83	1455.81
890.00	1451.72
890.16	1445.28
890.33	1447.33
890.50	1436.50
890.67	1439.14
890.84	1434.46
891.01	1431.24
891.18	1440.31
891.35	1388.52
891.52	1470.44
891.68	1464.30
