175.94	1292.27
176.16	1292.27
176.38	1292.27
176.61	1747.80
176.83	1913.97
177.05	2060.26
177.27	2355.46
177.49	2487.11
177.71	2663.24
177.93	2614.67
178.15	2575.76
178.37	2623.16
178.59	2734.33
178.81	2588.34
179.03	2658.26
179.25	2629.01
179.47	2573.13
179.69	2686.06
179.91	2644.51
180.13	2526.90
180.35	2583.66
180.58	2557.04
180.80	2643.93
181.02	2636.61
181.24	2528.66
181.46	2502.91
181.68	2550.31
181.90	2536.26
182.12	2502.33
182.34	2440.30
182.56	2437.08
182.78	2428.89
183.00	2496.77
183.22	2466.92
183.44	2489.16
183.66	2569.32
183.88	2540.07
184.10	2562.01
184.32	2547.09
184.54	2476.87
184.76	2529.24
184.98	2483.31
185.20	2423.33
185.42	2447.32
185.64	2435.03
185.86	2556.74
186.08	2548.26
186.30	2509.05
186.52	2535.97
186.74	2563.76
186.96	2597.99
187.18	2732.58
187.40	2642.76
187.62	2705.07
187.84	2757.44
188.06	2813.32
188.28	2763.88
188.50	2705.37
188.72	2551.48
188.94	2576.05
189.16	2619.06
189.38	2562.89
189.60	2518.12
189.82	2527.19
190.04	2518.71
190.26	2521.34
190.48	2468.09
190.70	2366.57
190.92	2425.97
191.14	2381.79
191.36	2416.60
191.58	2438.55
191.80	2565.81
192.02	2574.59
192.24	2661.77
192.46	2603.26
192.68	2598.29
192.90	2573.71
193.12	2567.86
193.34	2435.03
193.56	2434.16
193.78	2384.13
194.00	2365.40
194.22	2354.29
194.44	2443.23
194.66	2466.63
194.88	2539.19
195.10	2589.80
195.32	2582.49
195.54	2603.85
195.76	2584.83
195.98	2490.33
196.20	2462.54
196.42	2485.94
196.64	2421.28
196.86	2376.81
197.08	2326.49
197.30	2343.17
197.51	2330.59
197.73	2344.92
197.95	2328.54
198.17	2363.65
198.39	2449.37
198.61	2591.27
198.83	2588.05
199.05	2596.82
199.27	2613.50
199.49	2547.67
199.71	2515.49
199.93	2546.21
200.15	2516.95
200.37	2525.15
200.59	2528.36
200.81	2502.03
201.03	2477.16
201.25	2460.78
201.46	2364.23
201.68	2316.25
201.90	2351.65
202.12	2327.37
202.34	2328.54
202.56	2428.89
202.78	2489.74
203.00	2545.92
203.22	2518.12
203.44	2494.72
203.66	2481.26
203.88	2497.06
204.10	2421.28
204.31	2402.56
204.53	2337.90
204.75	2372.13
204.97	2333.22
205.19	2387.64
205.41	2416.31
205.63	2475.99
205.85	2590.10
206.07	2707.71
206.29	2702.15
206.51	2835.85
206.73	2905.19
206.94	2861.60
207.16	2887.05
207.38	2735.50
207.60	2621.69
207.82	2597.99
208.04	2512.57
208.26	2403.15
208.48	2394.08
208.70	2286.41
208.91	2344.63
209.13	2380.62
209.35	2380.03
209.57	2397.00
209.79	2378.57
210.01	2368.33
210.23	2382.37
210.45	2363.65
210.67	2411.63
210.88	2497.94
211.10	2444.69
211.32	2495.89
211.54	2572.54
211.76	2612.33
211.98	2592.14
212.20	2535.68
212.42	2520.17
212.63	2517.54
212.85	2536.56
213.07	2468.09
213.29	2408.12
213.51	2397.59
213.73	2369.21
213.95	2302.79
214.17	2327.37
214.38	2312.45
214.60	2299.58
214.82	2321.81
215.04	2321.81
215.26	2312.74
215.48	2267.69
215.70	2247.21
215.91	2273.25
216.13	2368.91
216.35	2403.15
216.57	2458.15
216.79	2461.95
217.01	2483.89
217.23	2505.25
217.44	2480.68
217.66	2379.74
217.88	2363.94
218.10	2331.76
218.32	2333.51
218.54	2364.82
218.75	2351.36
218.97	2329.13
219.19	2349.90
219.41	2400.80
219.63	2412.80
219.85	2492.96
220.06	2474.82
220.28	2462.83
220.50	2458.73
220.72	2470.73
220.94	2470.14
221.16	2449.96
221.37	2429.48
221.59	2479.21
221.81	2574.30
222.03	2555.28
222.25	2588.93
222.46	2595.07
222.68	2715.02
222.90	2696.88
223.12	2631.93
223.34	2649.19
223.56	2668.21
223.77	2606.77
223.99	2548.84
224.21	2533.34
224.43	2507.30
224.65	2593.90
224.86	2495.60
225.08	2474.82
225.30	2509.64
225.52	2504.67
225.74	2375.06
225.95	2335.27
226.17	2270.32
226.39	2358.09
226.61	2497.94
226.83	2482.43
227.04	2478.92
227.26	2658.26
227.48	2692.79
227.70	2668.80
227.92	2577.51
228.13	2475.41
228.35	2547.38
228.57	2541.24
228.79	2409.00
229.00	2382.67
229.22	2382.37
229.44	2390.56
229.66	2404.02
229.88	2332.64
230.09	2312.74
230.31	2328.25
230.53	2360.72
230.75	2387.64
230.96	2388.52
231.18	2363.36
231.40	2458.15
231.62	2538.02
231.84	2491.21
232.05	2492.67
232.27	2513.74
232.49	2487.11
232.71	2497.35
232.92	2468.39
233.14	2429.18
233.36	2483.89
233.58	2446.44
233.79	2406.07
234.01	2437.38
234.23	2444.98
234.45	2371.84
234.66	2419.53
234.88	2377.11
235.10	2413.97
235.32	2403.44
235.53	2390.86
235.75	2380.03
235.97	2390.27
236.19	2372.13
236.40	2361.60
236.62	2465.17
236.84	2472.78
237.06	2521.93
237.27	2484.48
237.49	2569.91
237.71	2640.12
237.92	2618.18
238.14	2514.91
238.36	2521.05
238.58	2467.22
238.79	2481.55
239.01	2397.59
239.23	2287.58
239.45	2296.07
239.66	2313.03
239.88	2274.71
240.10	2318.89
240.31	2314.50
240.53	2320.06
240.75	2287.29
240.97	2298.11
241.18	2329.13
241.40	2382.37
241.62	2418.65
241.83	2433.28
242.05	2393.20
242.27	2386.76
242.49	2382.08
242.70	2344.05
242.92	2296.65
243.14	2281.73
243.35	2252.77
243.57	2313.91
243.79	2325.32
244.00	2372.43
244.22	2358.38
244.44	2453.76
244.66	2551.77
244.87	2577.51
245.09	2543.28
245.31	2608.23
245.52	2558.50
245.74	2549.43
245.96	2498.52
246.17	2321.52
246.39	2317.13
246.61	2313.33
246.82	2341.71
247.04	2354.87
247.26	2355.75
247.47	2373.01
247.69	2388.81
247.91	2394.66
248.13	2457.27
248.34	2404.90
248.56	2418.07
248.78	2419.24
248.99	2389.69
249.21	2471.02
249.43	2449.96
249.64	2393.78
249.86	2363.65
250.08	2328.83
250.29	2351.36
250.51	2438.84
250.73	2361.89
250.94	2349.90
251.16	2390.86
251.37	2442.64
251.59	2487.40
251.81	2499.11
252.02	2403.44
252.24	2543.58
252.46	2569.32
252.67	2548.84
252.89	2558.50
253.11	2515.78
253.32	2475.70
253.54	2489.16
253.76	2348.14
253.97	2354.29
254.19	2329.13
254.41	2295.77
254.62	2285.24
254.84	2296.36
255.05	2280.56
255.27	2254.81
255.49	2254.23
255.70	2249.25
255.92	2217.95
256.14	2228.78
256.35	2217.07
256.57	2221.75
256.79	2246.33
257.00	2234.04
257.22	2256.86
257.43	2380.62
257.65	2373.89
257.87	2385.30
258.08	2378.57
258.30	2376.23
258.51	2370.67
258.73	2351.95
258.95	2217.37
259.16	2262.13
259.38	2270.03
259.60	2252.77
259.81	2262.13
260.03	2279.10
260.24	2310.69
260.46	2322.98
260.68	2327.08
260.89	2312.45
261.11	2406.07
261.32	2392.91
261.54	2377.69
261.76	2341.71
261.97	2396.71
262.19	2424.50
262.40	2405.78
262.62	2322.10
262.84	2313.62
263.05	2333.22
263.27	2353.12
263.48	2364.23
263.70	2314.79
263.91	2306.31
264.13	2302.21
264.35	2332.05
264.56	2326.79
264.78	2315.67
264.99	2240.19
265.21	2219.71
265.43	2249.55
265.64	2332.64
265.86	2366.28
266.07	2365.40
266.29	2347.26
266.50	2398.76
266.72	2508.76
266.94	2499.40
267.15	2447.03
267.37	2443.81
267.58	2452.00
267.80	2448.20
268.01	2396.12
268.23	2310.99
268.44	2334.98
268.66	2330.00
268.88	2258.91
269.09	2264.76
269.31	2315.08
269.52	2333.22
269.74	2382.08
269.95	2346.39
270.17	2418.94
270.38	2511.98
270.60	2529.24
270.82	2504.67
271.03	2481.26
271.25	2420.99
271.46	2511.10
271.68	2455.51
271.89	2553.82
272.11	2533.63
272.32	2602.09
272.54	2654.75
272.75	2741.06
272.97	2659.43
273.18	2627.84
273.40	2425.09
273.62	2421.87
273.83	2347.85
274.05	2332.34
274.26	2236.97
274.48	2306.89
274.69	2318.01
274.91	2327.37
275.12	2398.46
275.34	2410.75
275.55	2394.08
275.77	2395.54
275.98	2370.08
276.20	2412.80
276.41	2427.14
276.63	2327.08
276.84	2397.59
277.06	2468.97
277.27	2458.44
277.49	2387.64
277.70	2306.60
277.92	2321.52
278.13	2348.44
278.35	2275.29
278.56	2226.73
278.78	2244.57
278.99	2299.28
279.21	2317.13
279.42	2399.34
279.64	2460.20
279.85	2483.89
280.07	2462.54
280.28	2480.97
280.50	2493.55
280.71	2573.13
280.93	2530.12
281.14	2533.04
281.36	2494.43
281.57	2500.57
281.79	2465.17
282.00	2483.31
282.22	2410.46
282.43	2361.02
282.65	2265.64
282.86	2269.73
283.08	2324.15
283.29	2359.55
283.51	2290.21
283.72	2318.01
283.94	2351.36
284.15	2392.61
284.36	2380.32
284.58	2316.84
284.79	2314.79
285.01	2330.30
285.22	2298.70
285.44	2265.35
285.65	2331.76
285.87	2336.73
286.08	2327.37
286.30	2306.89
286.51	2298.70
286.73	2308.65
286.94	2319.18
287.15	2243.40
287.37	2332.64
287.58	2374.77
287.80	2377.11
288.01	2364.53
288.23	2350.78
288.44	2327.08
288.66	2323.57
288.87	2206.83
289.08	2178.75
289.30	2159.14
289.51	2188.69
289.73	2190.45
289.94	2196.89
290.16	2188.99
290.37	2223.51
290.58	2182.84
290.80	2192.79
291.01	2328.25
291.23	2321.23
291.44	2325.91
291.66	2348.14
291.87	2342.29
292.08	2363.36
292.30	2359.55
292.51	2300.16
292.73	2313.03
292.94	2382.67
293.16	2379.15
293.37	2431.52
293.58	2460.49
293.80	2472.19
294.01	2468.97
294.23	2493.84
294.44	2516.37
294.65	2602.97
294.87	2547.09
295.08	2590.10
295.30	2580.73
295.51	2490.92
295.72	2474.53
295.94	2434.16
296.15	2326.49
296.37	2419.24
296.58	2351.36
296.79	2360.14
297.01	2420.41
297.22	2406.07
297.44	2328.83
297.65	2344.05
297.86	2265.93
298.08	2274.71
298.29	2342.29
298.51	2301.33
298.72	2300.45
298.93	2305.72
299.15	2276.76
299.36	2272.95
299.57	2383.54
299.79	2303.96
300.00	2331.47
300.22	2407.24
300.43	2429.48
300.64	2424.21
300.86	2393.49
301.07	2288.17
301.28	2394.95
301.50	2373.60
301.71	2310.99
301.93	2313.03
302.14	2380.91
302.35	2405.19
302.57	2365.40
302.78	2263.88
302.99	2258.91
303.21	2272.37
303.42	2271.49
303.63	2221.46
303.85	2233.16
304.06	2285.53
304.28	2344.92
304.49	2342.58
304.70	2398.46
304.92	2392.61
305.13	2445.27
305.34	2434.74
305.56	2514.91
305.77	2456.68
305.98	2427.72
306.20	2369.21
306.41	2381.79
306.62	2318.01
306.84	2301.33
307.05	2213.85
307.26	2309.52
307.48	2299.58
307.69	2351.95
307.90	2338.78
308.12	2394.95
308.33	2377.11
308.54	2340.54
308.76	2246.91
308.97	2270.61
309.18	2226.43
309.40	2196.01
309.61	2158.56
309.82	2173.19
310.04	2184.60
310.25	2159.14
310.46	2160.31
310.67	2136.62
310.89	2155.63
311.10	2137.79
311.31	2213.27
311.53	2279.10
311.74	2344.34
311.95	2379.45
312.17	2389.98
312.38	2423.62
312.59	2422.45
312.81	2327.66
313.02	2281.73
313.23	2246.91
313.44	2258.91
313.66	2275.00
313.87	2247.50
314.08	2248.08
314.30	2278.51
314.51	2253.64
314.72	2309.23
314.93	2254.52
315.15	2218.54
315.36	2297.53
315.57	2292.26
315.79	2342.88
316.00	2343.17
316.21	2263.88
316.42	2253.64
316.64	2274.12
316.85	2266.52
317.06	2320.93
317.28	2278.22
317.49	2333.22
317.70	2326.79
317.91	2330.59
318.13	2297.82
318.34	2242.53
318.55	2193.37
318.76	2167.04
318.98	2134.28
319.19	2194.54
319.40	2196.89
319.62	2259.79
319.83	2332.34
320.04	2342.88
320.25	2359.26
320.47	2339.66
320.68	2335.85
320.89	2385.01
321.10	2325.03
321.32	2224.68
321.53	2239.01
321.74	2239.01
321.95	2248.38
322.17	2205.66
322.38	2187.82
322.59	2200.10
322.80	2208.30
323.02	2182.55
323.23	2191.03
323.44	2302.79
323.65	2313.33
323.86	2354.58
324.08	2386.47
324.29	2437.38
324.50	2432.40
324.71	2431.82
324.93	2325.61
325.14	2418.36
325.35	2416.60
325.56	2395.25
325.78	2400.80
325.99	2441.47
326.20	2416.02
326.41	2401.97
326.62	2354.87
326.84	2365.11
327.05	2400.22
327.26	2348.73
327.47	2351.65
327.69	2361.02
327.90	2357.50
328.11	2298.70
328.32	2315.96
328.53	2360.14
328.75	2370.96
328.96	2368.91
329.17	2463.41
329.38	2499.98
329.59	2505.84
329.81	2407.53
330.02	2357.80
330.23	2400.51
330.44	2360.72
330.65	2369.50
330.87	2412.51
331.08	2424.79
331.29	2453.17
331.50	2395.25
331.71	2365.11
331.92	2397.59
332.14	2362.19
332.35	2280.56
332.56	2297.82
332.77	2372.72
332.98	2389.39
333.20	2402.56
333.41	2548.55
333.62	2528.66
333.83	2612.33
334.04	2628.71
334.25	2645.39
334.47	2787.87
334.68	2899.92
334.89	2865.11
335.10	3047.08
335.31	3222.92
335.52	3513.73
335.74	3679.32
335.95	3839.65
336.16	4029.82
336.37	4169.66
336.58	4144.21
336.79	4071.07
337.01	3870.37
337.22	3634.85
337.43	3389.68
337.64	3130.17
337.85	2875.06
338.06	2680.50
338.28	2503.20
338.49	2410.17
338.70	2380.91
338.91	2383.54
339.12	2333.81
339.33	2333.51
339.54	2349.31
339.76	2333.81
339.97	2364.53
340.18	2379.45
340.39	2329.13
340.60	2308.06
340.81	2326.79
341.02	2471.02
341.23	2527.19
341.45	2479.21
341.66	2449.08
341.87	2474.24
342.08	2472.48
342.29	2444.98
342.50	2262.13
342.71	2230.82
342.92	2276.76
343.14	2357.80
343.35	2326.49
343.56	2351.95
343.77	2380.62
343.98	2399.63
344.19	2407.53
344.40	2364.82
344.61	2385.59
344.82	2378.28
345.04	2367.74
345.25	2363.65
345.46	2390.27
345.67	2459.90
345.88	2500.86
346.09	2412.21
346.30	2426.55
346.51	2424.80
346.72	2466.34
346.94	2452.00
347.15	2454.34
347.36	2424.21
347.57	2472.78
347.78	2520.76
347.99	2628.42
348.20	2566.69
348.41	2609.70
348.62	2634.57
348.83	2736.67
349.04	2796.06
349.25	2837.61
349.47	2859.55
349.68	2885.59
349.89	2918.36
350.10	2880.91
350.31	2875.35
350.52	2876.23
350.73	2817.42
350.94	2785.24
351.15	2912.80
351.36	2996.47
351.57	3149.78
351.78	3188.39
351.99	3281.43
352.21	3478.62
352.42	3651.24
352.63	3730.52
352.84	3840.23
353.05	3837.02
353.26	3812.44
353.47	3758.02
353.68	3625.49
353.89	3434.74
354.10	3263.00
354.31	3106.77
354.52	3054.40
354.73	3074.88
354.94	3073.42
355.15	3279.97
355.36	3426.54
355.57	3696.88
355.78	3906.94
355.99	4165.57
356.20	4493.83
356.42	4816.53
356.63	4954.62
356.84	5184.87
357.05	5221.15
357.26	5187.80
357.47	5059.65
357.68	4726.13
357.89	4399.04
358.10	4056.15
358.31	3661.77
358.52	3277.63
358.73	3009.05
358.94	2734.92
359.15	2629.88
359.36	2513.44
359.57	2521.93
359.78	2473.36
359.99	2589.80
360.20	2602.68
360.41	2594.19
360.62	2650.07
360.83	2584.24
361.04	2457.27
361.25	2457.27
361.46	2411.34
361.67	2394.08
361.88	2444.40
362.09	2426.26
362.30	2505.54
362.51	2516.37
362.72	2528.07
362.93	2601.21
363.14	2660.02
363.35	2609.99
363.56	2516.66
363.77	2581.32
363.98	2729.06
364.19	2696.00
364.40	2579.27
364.61	2647.73
364.82	2755.98
365.03	2871.25
365.24	2825.61
365.45	2886.76
365.66	3041.53
365.87	3161.77
366.08	3082.78
366.29	3068.73
366.50	3104.14
366.71	3176.98
366.92	3056.15
367.13	2936.79
367.34	2922.74
367.55	2965.75
367.76	2880.61
367.97	2830.00
368.18	2809.81
368.39	2785.53
368.60	2982.72
368.81	2961.36
369.01	2974.82
369.22	3076.63
369.43	3155.33
369.64	3242.52
369.85	3382.37
370.06	3293.72
370.27	3341.70
370.48	3373.30
370.69	3370.66
370.90	3270.61
371.11	3134.27
371.32	3064.05
371.53	3081.90
371.74	2965.17
371.95	2835.27
372.16	2838.78
372.37	2915.14
372.58	2926.55
372.79	2898.75
372.99	2960.78
373.20	3111.45
373.41	3214.14
373.62	3317.71
373.83	3449.07
374.04	3688.68
374.25	3824.44
374.46	3846.38
374.67	3976.57
374.88	4080.43
375.09	3989.15
375.30	3828.24
375.51	3710.04
375.72	3629.88
375.92	3444.68
376.13	3179.62
376.34	3028.36
376.55	2958.44
376.76	2949.08
376.97	2827.66
377.18	2760.08
377.39	2887.64
377.60	2953.17
377.81	3042.70
378.02	3129.00
378.22	3201.27
378.43	3370.96
378.64	3461.07
378.85	3464.29
379.06	3600.62
379.27	3671.13
379.48	3735.20
379.69	3808.34
379.90	3863.64
380.11	3851.94
380.31	3839.36
380.52	3693.66
380.73	3635.73
380.94	3469.84
381.15	3292.84
381.36	3044.74
381.57	2936.79
381.78	2763.59
381.99	2701.86
382.19	2536.56
382.40	2503.50
382.61	2459.32
382.82	2407.24
383.03	2419.53
383.24	2501.74
383.45	2529.24
383.65	2554.99
383.86	2609.40
384.07	2662.94
384.28	2675.52
384.49	2665.87
384.70	2664.11
384.91	2724.38
385.12	2778.51
385.32	2727.60
385.53	2661.77
385.74	2723.80
385.95	2666.46
386.16	2587.17
386.37	2529.53
386.58	2466.92
386.78	2479.21
386.99	2547.38
387.20	2522.80
387.41	2663.53
387.62	2734.92
387.83	2779.68
388.03	2860.13
388.24	2952.00
388.45	2940.30
388.66	2997.64
388.87	2965.75
389.08	2940.01
389.28	2889.98
389.49	2811.57
389.70	2748.67
389.91	2771.78
390.12	2683.42
390.33	2613.21
390.53	2675.23
390.74	2674.65
390.95	2662.36
391.16	2685.18
391.37	2699.52
391.58	2744.28
391.78	2779.39
391.99	2749.54
392.20	2775.29
392.41	2860.43
392.62	2854.87
392.82	2845.80
393.03	2926.84
393.24	3020.75
393.45	3034.50
393.66	3028.95
393.87	3045.62
394.07	3068.15
394.28	3106.48
394.49	3074.29
394.70	2938.84
394.91	2944.39
395.11	2887.93
395.32	2757.44
395.53	2754.81
395.74	2659.14
395.94	2649.49
396.15	2643.34
396.36	2589.51
396.57	2648.61
396.78	2696.30
396.98	2610.58
397.19	2629.59
397.40	2667.92
397.61	2733.75
397.82	2752.47
398.02	2778.22
398.23	2885.59
398.44	2984.48
398.65	3017.83
398.85	3042.70
399.06	3123.15
399.27	3169.96
399.48	3198.63
399.69	3217.36
399.89	3180.50
400.10	3092.43
400.31	2936.79
400.52	2794.89
400.72	2712.68
400.93	2559.96
401.14	2372.13
401.35	2314.20
401.55	2383.54
401.76	2353.99
401.97	2327.96
402.18	2325.03
402.38	2363.65
402.59	2460.78
402.80	2416.02
403.01	2455.51
403.21	2535.68
403.42	2576.93
403.63	2688.11
403.84	2852.53
404.04	2915.43
404.25	3034.50
404.46	2977.16
404.67	3073.71
404.87	3131.34
405.08	3072.54
405.29	2956.68
405.50	2926.25
405.70	2987.40
405.91	3002.91
406.12	2868.91
406.32	2911.33
406.53	2864.23
406.74	2781.73
406.95	2703.61
407.15	2577.22
407.36	2561.13
407.57	2608.23
407.77	2467.22
407.98	2554.69
408.19	2638.37
408.40	2626.67
408.60	2642.76
408.81	2687.81
409.02	2779.09
409.22	2817.13
409.43	2750.42
409.64	2712.97
409.85	2758.03
410.05	2697.47
410.26	2593.90
410.47	2505.54
410.67	2588.05
410.88	2543.28
411.09	2497.35
411.29	2537.73
411.50	2607.36
411.71	2622.86
411.92	2602.68
412.12	2545.92
412.33	2608.82
412.54	2687.23
412.74	2715.02
412.95	2785.82
413.16	2879.74
413.36	2870.67
413.57	2940.01
413.78	2921.28
413.98	2957.85
414.19	2900.22
414.40	2846.38
414.60	2789.63
414.81	2746.03
415.02	2590.97
415.22	2522.51
415.43	2449.37
415.64	2453.47
415.84	2382.67
416.05	2343.17
416.26	2436.50
416.46	2452.59
416.67	2450.83
416.88	2416.90
417.08	2367.45
417.29	2472.19
417.50	2582.49
417.70	2474.53
417.91	2500.86
418.12	2602.38
418.32	2651.24
418.53	2695.42
418.74	2692.20
418.94	2676.11
419.15	2743.69
419.36	2728.19
419.56	2731.99
419.77	2762.71
419.97	2693.66
420.18	2683.72
420.39	2717.36
420.59	2772.07
420.80	2809.52
421.01	2787.87
421.21	2770.02
421.42	2753.35
421.63	2752.76
421.83	2693.96
422.04	2644.51
422.24	2681.38
422.45	2603.26
422.66	2570.20
422.86	2687.81
423.07	2639.54
423.28	2586.58
423.48	2518.12
423.69	2613.50
423.89	2637.78
424.10	2634.86
424.31	2623.45
424.51	2597.12
424.72	2672.89
424.92	2786.41
425.13	2625.20
425.34	2699.52
425.54	2748.67
425.75	2674.65
425.95	2719.70
426.16	2646.56
426.37	2614.67
426.57	2589.51
426.78	2480.97
426.98	2471.02
427.19	2540.94
427.40	2460.20
427.60	2397.29
427.81	2339.37
428.01	2382.96
428.22	2433.28
428.43	2391.15
428.63	2316.84
428.84	2362.19
429.04	2383.25
429.25	2351.95
429.45	2454.05
429.66	2473.07
429.87	2468.09
430.07	2440.01
430.28	2466.92
430.48	2481.85
430.69	2474.82
430.89	2339.07
431.10	2311.86
431.31	2313.62
431.51	2331.17
431.72	2265.93
431.92	2380.62
432.13	2481.55
432.33	2515.78
432.54	2589.80
432.74	2740.47
432.95	2948.20
433.16	3086.58
433.36	3163.82
433.57	3233.16
433.77	3365.98
433.98	3514.02
434.18	3514.31
434.39	3559.95
434.59	3673.76
434.80	3692.20
435.01	3787.57
435.21	3818.29
435.42	3800.15
435.62	3794.89
435.83	3663.23
436.03	3604.72
436.24	3541.82
436.44	3364.52
436.65	3248.66
436.85	3062.88
437.06	2975.11
437.26	2873.59
437.47	2722.92
437.67	2564.64
437.88	2555.57
438.08	2569.03
438.29	2535.39
438.50	2483.02
438.70	2487.11
438.91	2540.94
439.11	2509.93
439.32	2498.81
439.52	2409.58
439.73	2396.12
439.93	2451.71
440.14	2459.03
440.34	2410.17
440.55	2566.69
440.75	2587.17
440.96	2606.19
441.16	2647.44
441.37	2550.89
441.57	2512.86
441.78	2554.99
441.98	2442.93
442.19	2406.36
442.39	2411.34
442.60	2376.81
442.80	2389.69
443.01	2968.97
443.21	2872.72
443.42	2995.30
443.62	2972.48
443.83	2947.61
444.03	2974.24
444.23	3518.70
444.44	2943.22
444.64	3031.87
444.85	2902.85
445.05	2962.83
445.26	3043.57
445.46	3082.19
445.67	2659.43
445.87	2685.76
446.08	2631.64
446.28	2621.40
446.49	2612.92
446.69	2537.43
446.90	2585.71
447.10	2462.83
447.31	2504.37
447.51	2539.48
447.71	2553.52
447.92	2500.28
448.12	2537.73
448.33	2485.36
448.53	2558.21
448.74	2546.21
448.94	2516.37
449.15	2510.22
449.35	2546.21
449.56	2531.87
449.76	2545.63
449.96	2484.48
450.17	2446.44
450.37	2502.91
450.58	2579.56
450.78	2545.63
450.99	2542.99
451.19	2463.41
451.39	2447.03
451.60	2475.99
451.80	2498.52
452.01	2427.72
452.21	2434.74
452.42	2396.42
452.62	2426.26
452.82	2427.14
453.03	2409.00
453.23	2316.25
453.44	2337.90
453.64	2356.33
453.85	2360.43
454.05	2354.29
454.25	2414.56
454.46	2393.20
454.66	2472.19
454.87	2455.51
455.07	2519.59
455.27	2505.54
455.48	2482.43
455.68	2435.33
455.89	2465.46
456.09	2366.28
456.29	2330.00
456.50	2255.40
456.70	2303.09
456.91	2301.92
457.11	2265.93
457.31	2242.53
457.52	2371.26
457.72	2467.22
457.93	2564.35
458.13	2564.35
458.33	2671.14
458.54	2696.00
458.74	2748.37
458.95	2657.39
459.15	2606.19
459.35	2487.70
459.56	2449.08
459.76	2395.83
459.96	2414.26
460.17	2346.09
460.37	2371.55
460.58	2377.40
460.78	2423.33
460.98	2516.66
461.19	2497.35
461.39	2591.56
461.59	2668.50
461.80	2639.83
462.00	2661.48
462.21	2672.89
462.41	2655.63
462.61	2669.38
462.82	2562.59
463.02	2499.40
463.22	2496.77
463.43	2468.39
463.63	2499.11
463.83	2504.67
464.04	2474.53
464.24	2470.73
464.44	2438.55
464.65	2483.89
464.85	2545.04
465.05	2523.68
465.26	2746.33
465.46	2766.22
465.66	2806.59
465.87	2838.78
466.07	2777.92
466.27	2830.29
466.48	2792.84
466.68	2609.40
466.88	2655.05
467.09	2663.53
467.29	2667.33
467.49	2677.57
467.70	2620.23
467.90	2692.49
468.10	2599.46
468.31	2507.59
468.51	2462.83
468.71	2540.36
468.92	2593.02
469.12	2521.63
469.32	2406.95
469.53	2468.97
469.73	2514.32
469.93	2547.38
470.14	2432.11
470.34	2378.28
470.54	2412.51
470.74	2402.56
470.95	2298.99
471.15	2304.84
471.35	2306.31
471.56	2313.91
471.76	2311.28
471.96	2282.90
472.17	2331.17
472.37	2331.17
472.57	2355.46
472.77	2497.64
472.98	2529.83
473.18	2581.90
473.38	2572.83
473.59	2557.33
473.79	2698.64
473.99	2652.41
474.19	2487.11
474.40	2510.81
474.60	2463.71
474.80	2534.22
475.01	2540.65
475.21	2519.59
475.41	2579.27
475.61	2555.28
475.82	2507.01
476.02	2574.88
476.22	2532.75
476.42	2580.44
476.63	2515.49
476.83	2464.88
477.03	2552.35
477.24	2536.26
477.44	2465.46
477.64	2467.22
477.84	2443.81
478.05	2414.26
478.25	2378.57
478.45	2318.59
478.65	2468.97
478.86	2461.95
479.06	2420.41
479.26	2434.74
479.46	2494.13
479.67	2513.44
479.87	2524.85
480.07	2382.37
480.27	2447.03
480.48	2480.09
480.68	2527.78
480.88	2490.62
481.08	2579.86
481.28	2635.15
481.49	2680.21
481.69	2651.24
481.89	2707.12
482.09	2683.42
482.30	2762.42
482.50	2690.45
482.70	2631.05
482.90	2689.28
483.11	2653.87
483.31	2635.74
483.51	2675.23
483.71	2679.91
483.91	2745.45
484.12	2916.31
484.32	3111.74
484.52	3574.29
484.72	4271.77
484.92	5151.81
485.13	6181.35
485.33	7488.84
485.53	8489.42
485.73	9390.52
485.93	9986.19
486.14	10170.80
486.34	9973.61
486.54	9533.88
486.74	8769.69
486.94	8010.78
487.15	7177.25
487.35	6400.49
487.55	5651.52
487.75	5013.43
487.95	4444.38
488.16	3911.91
488.36	3662.94
488.56	3402.85
488.76	3221.16
488.96	3126.96
489.17	3064.64
489.37	3092.73
489.57	3123.15
489.77	3048.84
489.97	3084.24
490.17	3080.73
490.38	3015.20
490.58	3028.07
490.78	2977.75
490.98	2931.23
491.18	2916.31
491.38	2870.67
491.59	2866.86
491.79	2936.79
491.99	2908.41
492.19	2871.54
492.39	2882.95
492.59	2900.22
492.80	2870.96
493.00	2857.21
493.20	2789.04
493.40	2783.19
493.60	2806.01
493.80	2806.89
494.00	2784.65
494.21	2807.77
494.41	2892.32
494.61	2932.40
494.81	2926.25
495.01	2939.42
495.21	2879.74
495.41	2873.01
495.62	2861.30
495.82	2796.65
496.02	2756.86
496.22	2721.75
496.42	2687.52
496.62	2725.85
496.82	2664.11
497.02	2721.75
497.23	2632.52
497.43	2676.11
497.63	2636.03
497.83	2665.29
498.03	2657.68
498.23	2646.56
498.43	2512.27
498.63	2559.67
498.84	2485.94
499.04	2579.86
499.24	2534.51
499.44	2486.82
499.64	2556.16
499.84	2697.17
500.04	2725.85
500.24	2737.26
500.44	2738.72
500.65	2724.38
500.85	2764.47
501.05	2750.13
501.25	2691.03
501.45	2634.86
501.65	2720.58
501.85	2663.53
502.05	2643.05
502.25	2684.01
502.45	2691.91
502.65	2631.93
502.86	2732.87
503.06	2638.95
503.26	2644.81
503.46	2632.22
503.66	2651.53
503.86	2600.92
504.06	2616.43
504.26	2524.85
504.46	2624.03
504.66	2639.54
504.86	2624.33
505.06	2504.67
505.26	2483.02
505.47	2561.72
505.67	2657.97
505.87	2555.87
506.07	2605.31
506.27	2631.35
506.47	2621.11
506.67	2687.52
506.87	2586.58
507.07	2454.93
507.27	2430.35
507.47	2319.18
507.67	2322.98
507.87	2337.90
508.07	2338.49
508.27	2422.16
508.47	2420.41
508.67	2461.07
508.87	2518.42
509.08	2500.28
509.28	2547.67
509.48	2471.61
509.68	2455.51
509.88	2536.26
510.08	2541.53
510.28	2551.48
510.48	2535.39
510.68	2522.80
510.88	2554.69
511.08	2521.05
511.28	2421.87
511.48	2419.24
511.68	2378.86
511.88	2480.09
512.08	2435.33
512.28	2422.75
512.48	2416.31
512.68	2449.96
512.88	2525.15
513.08	2555.57
513.28	2498.52
513.48	2483.02
513.68	2495.89
513.88	2537.73
514.08	2556.74
514.28	2507.88
514.48	2463.71
514.68	2458.15
514.88	2583.95
515.08	2666.46
515.28	2630.18
515.48	2595.36
515.68	2559.96
515.88	2580.44
516.08	2562.59
516.28	2547.09
516.48	2444.98
516.68	2428.31
516.88	2412.80
517.08	2457.86
517.28	2470.44
517.48	2518.42
517.68	2512.86
517.88	2593.02
518.08	2607.94
518.28	2614.67
518.48	2577.51
518.68	2597.99
518.88	2594.48
519.08	2612.92
519.28	2535.39
519.48	2565.52
519.68	2671.14
519.88	2669.38
520.08	2624.03
520.28	2578.98
520.48	2474.24
520.68	2486.23
520.88	2418.65
521.08	2318.89
521.28	2399.93
521.47	2384.13
521.67	2370.67
521.87	2382.37
522.07	2379.15
522.27	2435.91
522.47	2499.11
522.67	2407.83
522.87	2411.92
523.07	2413.09
523.27	2426.55
523.47	2441.18
523.67	2398.17
523.87	2390.27
524.07	2366.87
524.27	2373.89
524.47	2407.24
524.67	2383.25
524.87	2350.19
525.06	2390.56
525.26	2359.26
525.46	2390.86
525.66	2358.67
525.86	2436.50
526.06	2458.73
526.26	2470.14
526.46	2404.61
526.66	2377.69
526.86	2360.43
527.06	2417.77
527.26	2326.20
527.46	2320.64
527.65	2370.38
527.85	2375.64
528.05	2371.55
528.25	2390.56
528.45	2357.50
528.65	2421.87
528.85	2409.87
529.05	2377.69
529.25	2395.25
529.45	2498.81
529.65	2503.50
529.84	2499.40
530.04	2469.27
530.24	2484.48
530.44	2480.09
530.64	2471.02
530.84	2363.94
531.04	2362.19
531.24	2736.09
531.44	2735.50
531.63	2887.93
531.83	2878.86
532.03	2858.96
532.23	2930.35
532.43	3033.04
532.63	2706.24
532.83	2724.09
533.03	2585.12
533.22	2594.78
533.42	2641.00
533.62	2618.47
533.82	2509.35
534.02	2513.74
534.22	2506.71
534.42	2453.47
534.62	2442.35
534.81	2450.54
535.01	2463.41
535.21	2444.40
535.41	2456.68
535.61	2485.06
535.81	2529.53
536.01	2552.65
536.20	2543.87
536.40	2577.81
536.60	2669.67
536.80	2641.88
537.00	2736.96
537.20	2775.00
537.39	2803.08
537.59	2825.32
537.79	2904.90
537.99	2971.31
538.19	3063.47
538.39	2945.56
538.59	3052.94
538.78	3178.45
538.98	3251.00
539.18	3260.66
539.38	3270.31
539.58	3314.20
539.78	3431.23
539.97	3449.95
540.17	3517.83
540.37	3713.55
540.57	3861.01
540.77	4026.31
540.96	4236.66
541.16	4399.04
541.36	4554.10
541.56	4710.91
541.76	4801.32
541.96	4823.84
542.15	4880.60
542.35	4829.40
542.55	4818.29
542.75	4826.48
542.95	4722.32
543.14	4590.67
543.34	4644.50
543.54	4575.16
543.74	4493.24
543.94	4421.56
544.13	4366.56
544.33	4394.94
544.53	4447.90
544.73	4399.33
544.93	4484.47
545.12	4672.59
545.32	4811.26
545.52	4952.28
545.72	5080.72
545.91	5143.03
546.11	5151.23
546.31	5103.25
546.51	5030.69
546.71	4937.07
546.90	4799.56
547.10	4587.16
547.30	4435.02
547.50	4380.02
547.69	4292.25
547.89	4139.82
548.09	4062.00
548.29	3958.14
548.49	3901.97
548.68	3846.96
548.88	3754.51
549.08	3642.75
549.28	3563.76
549.47	3498.52
549.67	3444.39
549.87	3435.03
550.07	3387.34
550.26	3330.87
550.46	3296.64
550.66	3286.70
550.86	3287.57
551.05	3254.51
551.25	3159.72
551.45	3128.42
551.65	3059.08
551.84	3055.57
552.04	3017.24
552.24	2931.81
552.44	2889.39
552.63	2927.43
552.83	2923.04
553.03	2865.99
553.22	2881.20
553.42	2905.19
553.62	2854.58
553.82	2798.40
554.01	2701.86
554.21	2737.84
554.41	2731.41
554.61	2592.14
554.80	2485.36
555.00	2499.98
555.20	2517.83
555.39	2491.50
555.59	2364.23
555.79	2378.28
555.99	2482.43
556.18	2590.39
556.38	2541.82
556.58	2597.70
556.77	2604.14
556.97	2615.26
557.17	2667.33
557.37	2644.22
557.56	2618.47
557.76	2637.78
557.96	2679.33
558.15	2706.54
558.35	2811.86
558.55	2727.31
558.74	2716.48
558.94	2721.46
559.14	2820.93
559.33	2845.80
559.53	2832.93
559.73	2731.41
559.93	2770.02
560.12	2713.56
560.32	2636.03
560.52	2521.05
560.71	2380.62
560.91	2356.04
561.11	2354.58
561.30	2339.66
561.50	2387.64
561.70	2449.96
561.89	2444.40
562.09	2543.87
562.29	2544.16
562.48	2753.35
562.68	2796.65
562.88	2746.03
563.07	2794.01
563.27	2809.52
563.47	2727.89
563.66	2732.58
563.86	2521.93
564.06	2460.20
564.25	2492.09
564.45	2369.21
564.64	2386.18
564.84	2480.97
565.04	2469.56
565.23	2461.07
565.43	2527.49
565.63	2570.20
565.82	2573.13
566.02	2553.82
566.22	2455.81
566.41	2571.37
566.61	2554.40
566.81	2477.16
567.00	2406.95
567.20	2452.00
567.39	2481.85
567.59	2511.69
567.79	2440.01
567.98	2462.83
568.18	2543.58
568.38	2551.77
568.57	2504.37
568.77	2468.09
568.96	2405.49
569.16	2381.79
569.36	2382.08
569.55	2284.95
569.75	2349.02
569.94	2345.80
570.14	2379.15
570.34	2390.56
570.53	2478.92
570.73	2475.41
570.92	2495.01
571.12	2448.79
571.32	2474.82
571.51	2499.98
571.71	2542.70
571.90	2503.20
572.10	2514.91
572.30	2594.48
572.49	2595.07
572.69	2603.55
572.88	2561.13
573.08	2511.98
573.28	2509.05
573.47	2474.53
573.67	2418.94
573.86	2413.09
574.06	2372.72
574.26	2428.31
574.45	2447.03
574.65	2379.15
574.84	2389.98
575.04	2346.68
575.23	2339.95
575.43	2387.93
575.63	2331.17
575.82	2372.43
576.02	2432.11
576.21	2547.97
576.41	2672.31
576.60	2732.28
576.80	2715.61
576.99	2770.02
577.19	2769.15
577.39	2797.23
577.58	2695.71
577.78	2655.05
577.97	2630.18
578.17	2669.97
578.36	2629.30
578.56	2577.22
578.75	2540.07
578.95	2605.02
579.15	2594.19
579.34	2616.72
579.54	2638.08
579.73	2739.30
579.93	2775.29
580.12	2868.33
580.32	2912.50
580.51	2951.42
580.71	2940.59
580.90	2988.28
581.10	2937.66
581.29	3009.34
581.49	2960.78
581.68	2923.33
581.88	3020.75
582.07	3165.57
582.27	3127.83
582.47	3147.14
582.66	3126.96
582.86	3144.51
583.05	3155.33
583.25	3076.63
583.44	2983.60
583.64	2961.66
583.83	2971.31
584.03	3004.37
584.22	2968.38
584.42	2988.28
584.61	2960.78
584.81	2934.45
585.00	2945.27
585.20	2931.81
585.39	2898.17
585.59	2943.81
585.78	2967.21
585.98	3003.20
586.17	2997.93
586.37	3091.56
586.56	3144.51
586.76	3242.23
586.95	3265.93
587.15	3276.16
587.34	3243.40
587.54	3289.92
587.73	3221.45
587.92	3196.00
588.12	3092.73
588.31	3097.11
588.51	3066.39
588.70	3082.78
588.90	3046.21
589.09	3032.46
589.29	2986.52
589.48	3007.00
589.68	2952.00
589.87	2923.91
590.07	2854.28
590.26	2849.89
590.46	2928.01
590.65	2944.98
590.84	2935.03
591.04	2925.67
591.23	2931.52
591.43	2970.14
591.62	2921.57
591.82	2834.68
592.01	2839.36
592.21	2914.55
592.40	2944.69
592.59	3035.67
592.79	3043.57
592.98	3080.73
593.18	3078.10
593.37	3142.46
593.57	3073.42
593.76	3006.13
593.96	2909.58
594.15	2864.52
594.34	2851.36
594.54	2834.10
594.73	2744.57
594.93	2686.94
595.12	2688.11
595.32	2675.52
595.51	2667.63
595.70	2733.45
595.90	2748.96
596.09	2790.50
596.29	2769.44
596.48	2819.76
596.67	2756.57
596.87	2783.77
597.06	2692.49
597.26	2700.10
597.45	2760.08
597.65	2787.58
597.84	2696.30
598.03	2751.88
598.23	2753.64
598.42	2789.63
598.62	2782.60
598.81	2734.92
599.00	2757.74
599.20	2832.34
599.39	2820.05
599.58	2861.01
599.78	2886.76
599.97	2834.39
600.17	2796.65
600.36	2813.91
600.55	2805.42
600.75	2754.52
600.94	2677.57
601.14	2600.63
601.33	2620.23
601.52	2582.78
601.72	2538.31
601.91	2505.25
602.10	2490.33
602.30	2538.60
602.49	2504.67
602.69	2502.91
602.88	2516.66
603.07	2515.78
603.27	2531.58
603.46	2572.83
603.65	2595.07
603.85	2667.63
604.04	2637.49
604.23	2605.89
604.43	2594.19
604.62	2557.33
604.82	2511.98
605.01	2464.00
605.20	2418.94
605.40	2484.19
605.59	2434.45
605.78	2440.59
605.98	2470.14
606.17	2566.69
606.36	2545.92
606.56	2507.01
606.75	2543.87
606.94	2652.70
607.14	2643.34
607.33	2619.64
607.52	2551.48
607.72	2618.77
607.91	2760.95
608.10	2812.74
608.30	2782.90
608.49	2841.41
608.68	2905.48
608.88	3043.87
609.07	3121.69
609.26	3210.34
609.46	3217.36
609.65	3375.35
609.84	3616.42
610.03	3992.66
610.23	4218.82
610.42	4524.84
610.61	4813.02
610.81	5143.91
611.00	5404.00
611.19	5503.18
611.39	5465.74
611.58	5489.73
611.77	5390.84
611.97	5278.20
612.16	5134.84
612.35	4980.07
612.54	4872.41
612.74	4748.95
612.93	4638.94
613.12	4507.29
613.32	4340.23
613.51	4214.43
613.70	4071.07
613.89	3952.87
614.09	3850.77
614.28	3858.96
614.47	3820.34
614.67	3776.16
614.86	3708.87
615.05	3693.37
615.24	3676.69
615.44	3620.52
615.63	3435.91
615.82	3346.38
616.01	3316.54
616.21	3374.17
616.40	3311.27
616.59	3201.56
616.78	3136.32
616.98	3131.93
617.17	3099.16
617.36	2997.35
617.56	2833.22
617.75	2829.42
617.94	2868.33
618.13	2808.64
618.33	2779.09
618.52	2806.01
618.71	2801.04
618.90	2810.69
619.10	2756.86
619.29	2679.91
619.48	2741.35
619.67	2638.37
619.86	2552.94
620.06	2623.16
620.25	2636.91
620.44	2660.60
620.63	2730.23
620.83	2748.37
621.02	2848.43
621.21	2887.64
621.40	2880.03
621.60	2928.01
621.79	2911.33
621.98	2822.10
622.17	2775.58
622.36	2777.63
622.56	2763.00
622.75	2719.41
622.94	2673.77
623.13	2695.42
623.33	2798.99
623.52	2811.57
623.71	2791.09
623.90	2832.05
624.09	2770.02
624.29	2786.41
624.48	2779.09
624.67	2751.88
624.86	2724.97
625.05	2679.91
625.25	2675.23
625.44	2812.45
625.63	2782.02
625.82	2780.85
626.01	2825.32
626.21	2815.08
626.40	3242.52
626.59	3226.72
626.78	3152.70
626.97	3197.76
627.16	3234.33
627.36	3238.42
627.55	3282.02
627.74	2946.44
627.93	2904.02
628.12	2916.89
628.31	2904.31
628.51	2929.47
628.70	2879.74
628.89	2870.08
629.08	2828.54
629.27	2882.95
629.47	2943.52
629.66	2921.87
629.85	2964.58
630.04	2937.96
630.23	3048.55
630.42	3074.00
630.61	3118.76
630.81	3061.71
631.00	3066.69
631.19	2978.62
631.38	3018.41
631.57	2903.73
631.76	2886.17
631.96	2820.05
632.15	2795.18
632.34	2835.27
632.53	2737.55
632.72	2729.06
632.91	2752.76
633.10	2783.48
633.29	2719.12
633.49	2699.52
633.68	2681.38
633.87	2695.13
634.06	2625.79
634.25	2624.62
634.44	2522.22
634.63	2550.60
634.83	2607.36
635.02	2518.12
635.21	2518.12
635.40	2496.77
635.59	2417.48
635.78	2504.96
635.97	2466.05
636.16	2448.20
636.35	2485.65
636.55	2538.31
636.74	2557.04
636.93	2581.32
637.12	2546.50
637.31	2580.44
637.50	2503.20
637.69	2484.19
637.88	2413.68
638.07	2367.16
638.26	2361.89
638.46	2390.56
638.65	2367.74
638.84	2374.77
639.03	2401.10
639.22	2443.52
639.41	2531.87
639.60	2519.59
639.79	2442.35
639.98	2495.01
640.17	2490.04
640.36	2411.34
640.56	2404.02
640.75	2355.46
640.94	2329.71
641.13	2327.37
641.32	2261.84
641.51	2306.31
641.70	2311.28
641.89	2313.03
642.08	2294.31
642.27	2322.10
642.46	2441.18
642.65	2541.82
642.84	2585.12
643.03	2617.30
643.22	2686.64
643.42	2734.92
643.61	2787.87
643.80	2736.38
643.99	2642.46
644.18	2640.71
644.37	2635.44
644.56	2603.55
644.75	2631.93
644.94	2583.95
645.13	2519.88
645.32	2558.50
645.51	2512.86
645.70	2614.96
645.89	2661.77
646.08	2609.70
646.27	2677.57
646.46	2684.89
646.65	2776.17
646.84	2798.99
647.03	2669.09
647.22	2625.50
647.41	2630.76
647.60	2562.89
647.79	2606.19
647.98	2567.28
648.17	2601.21
648.36	2673.48
648.56	2652.12
648.75	2702.44
648.94	2792.84
649.13	2831.46
649.32	2777.34
649.51	2734.62
649.70	2714.73
649.89	2708.29
650.08	2617.89
650.27	2620.23
650.46	2549.14
650.65	2654.46
650.84	2643.64
651.03	2657.68
651.22	2742.52
651.41	2813.32
651.60	2816.83
651.79	2881.78
651.98	2835.27
652.17	2845.80
652.36	2850.19
652.55	2887.34
652.74	2844.63
652.92	2775.58
653.11	2700.69
653.30	2748.67
653.49	2815.37
653.68	2856.92
653.87	2751.88
654.06	2830.29
654.25	3043.28
654.44	3718.23
654.63	5368.31
654.82	8394.04
655.01	12871.78
655.20	18801.23
655.39	25641.45
655.58	32813.73
655.77	39136.39
655.96	43788.50
656.15	46364.55
656.34	46822.71
656.53	45468.12
656.72	42710.10
656.91	39050.08
657.10	35424.89
657.29	31768.09
657.48	28297.66
657.67	24970.01
657.86	21664.29
658.04	18452.49
658.23	15389.90
658.42	12501.09
658.61	10113.45
658.80	8169.64
658.99	6641.86
659.18	5446.13
659.37	4577.80
659.56	3982.71
659.75	3579.26
659.94	3223.80
660.13	3007.59
660.32	2932.69
660.51	2910.75
660.69	2851.94
660.88	2767.68
661.07	2695.71
661.26	2699.22
661.45	2600.92
661.64	2564.64
661.83	2582.49
662.02	2560.25
662.21	2725.85
662.40	2691.91
662.59	2721.75
662.78	2775.29
662.96	2715.61
663.15	2653.87
663.34	2693.37
663.53	2519.59
663.72	2565.81
663.91	2538.90
664.10	2566.98
664.29	2587.17
664.48	2508.47
664.66	2425.09
664.85	2499.98
665.04	2554.69
665.23	2506.13
665.42	2441.18
665.61	2417.77
665.80	2464.88
665.99	2535.68
666.18	2559.38
666.36	2455.81
666.55	2561.72
666.74	2571.66
666.93	2550.60
667.12	2575.17
667.31	2645.39
667.50	2609.99
667.69	2640.71
667.87	2573.13
668.06	2597.99
668.25	2662.07
668.44	2598.58
668.63	2484.19
668.82	2423.92
669.01	2390.86
669.19	2410.46
669.38	2369.21
669.57	2333.22
669.76	2351.65
669.95	2395.83
670.14	2442.06
670.32	2536.26
670.51	2577.81
670.70	2547.67
670.89	2539.19
671.08	2542.99
671.27	2561.42
671.46	2549.14
671.64	2496.18
671.83	2437.08
672.02	2485.94
672.21	2600.92
672.40	2679.62
672.59	2657.39
672.77	2681.08
672.96	2651.83
673.15	2722.92
673.34	2760.37
673.53	2622.28
673.71	2537.43
673.90	2534.51
674.09	2456.10
674.28	2450.25
674.47	2327.37
674.66	2279.39
674.84	2300.45
675.03	2328.83
675.22	2369.21
675.41	2375.64
675.60	2418.36
675.78	2424.80
675.97	2463.71
676.16	2485.06
676.35	2496.18
676.54	2430.06
676.72	2427.72
676.91	2509.93
677.10	2543.28
677.29	2534.22
677.47	2502.33
677.66	2456.98
677.85	2574.30
678.04	2633.10
678.23	2517.83
678.41	2517.54
678.60	2493.26
678.79	2483.60
678.98	2475.12
679.17	2352.82
679.35	2382.08
679.54	2358.97
679.73	2454.64
679.92	2474.24
680.10	2487.70
680.29	2507.01
680.48	2594.48
680.67	2505.84
680.85	2547.38
681.04	2464.58
681.23	2421.87
681.42	2559.67
681.60	2661.77
681.79	2557.91
681.98	2562.59
682.17	2548.55
682.35	2527.49
682.54	2518.71
682.73	2419.53
682.92	2334.98
683.10	2367.16
683.29	2369.21
683.48	2356.92
683.67	2415.14
683.85	2469.27
684.04	2491.50
684.23	2465.46
684.42	2497.94
684.60	2494.72
684.79	2514.32
684.98	2428.01
685.16	2404.32
685.35	2364.82
685.54	2349.61
685.73	2291.38
685.91	2407.24
686.10	2495.30
686.29	2477.75
686.48	2445.86
686.66	2421.58
686.85	2434.45
687.04	2455.51
687.22	2345.80
687.41	2363.65
687.60	2399.63
687.78	2396.71
687.97	2410.17
688.16	2431.23
688.35	2427.43
688.53	2395.83
688.72	2276.46
688.91	2292.55
689.09	2338.78
689.28	2334.10
689.47	2369.50
689.65	2381.79
689.84	2406.36
690.03	2421.87
690.22	2389.10
690.40	2427.14
690.59	2469.27
690.78	2422.75
690.96	2389.39
691.15	2393.78
691.34	2387.64
691.52	2441.47
691.71	2376.52
691.90	2399.63
692.08	2403.73
692.27	2409.00
692.46	2406.66
692.64	2418.36
692.83	2407.83
693.02	2411.04
693.20	2394.95
693.39	2445.57
693.58	2445.27
693.76	2490.92
693.95	2459.90
694.14	2422.16
694.32	2474.24
694.51	2440.01
694.70	2378.57
694.88	2395.83
695.07	2353.41
695.25	2354.87
695.44	2366.57
695.63	2444.69
695.81	2455.22
696.00	2437.38
696.19	2425.67
696.37	2465.75
696.56	2496.18
696.75	2580.73
696.93	2536.26
697.12	2511.69
697.30	2535.68
697.49	2524.27
697.68	2498.52
697.86	2491.79
698.05	2424.21
698.24	2329.42
698.42	2325.03
698.61	2361.02
698.79	2377.98
698.98	2418.94
699.17	2395.83
699.35	2441.47
699.54	2770.32
699.72	2785.24
699.91	2736.96
700.10	2740.77
700.28	2751.30
700.47	2786.70
700.65	2700.98
700.84	2421.28
701.03	2420.99
701.21	2405.78
701.40	2463.12
701.58	2427.43
701.77	2466.05
701.96	2487.11
702.14	2593.02
702.33	2610.87
702.51	2641.59
702.70	2575.76
702.89	2507.30
703.07	2460.78
703.26	2470.14
703.44	2302.50
703.63	2296.65
703.81	2461.07
704.00	2519.00
704.19	2611.75
704.37	2586.58
704.56	2641.29
704.74	2677.28
704.93	2636.61
705.11	2443.81
705.30	2402.85
705.49	2344.63
705.67	2373.30
705.86	2290.80
706.04	2275.00
706.23	2394.66
706.41	2478.63
706.60	2431.23
706.78	2495.89
706.97	2641.59
707.16	2653.87
707.34	2688.69
707.53	2610.58
707.71	2557.33
707.90	2629.88
708.08	2579.27
708.27	2521.34
708.45	2543.58
708.64	2495.01
708.82	2464.58
709.01	2481.55
709.19	2456.39
709.38	2425.38
709.56	2307.48
709.75	2301.04
709.94	2359.26
710.12	2397.88
710.31	2484.77
710.49	2472.48
710.68	2570.20
710.86	2669.67
711.05	2703.03
711.23	2654.17
711.42	2678.74
711.60	2530.12
711.79	2606.48
711.97	2561.72
712.16	2532.46
712.34	2483.60
712.53	2565.52
712.71	2590.68
712.90	2643.93
713.08	2639.54
713.27	2579.27
713.45	2658.56
713.64	2718.82
713.82	2667.04
714.01	2590.39
714.19	2652.41
714.38	2570.49
714.56	2660.60
714.75	2634.27
714.93	2940.59
715.12	2915.14
715.30	2872.42
715.49	2778.22
715.67	2850.48
715.85	2794.60
716.04	2694.25
716.22	2318.30
716.41	2363.94
716.59	2459.61
716.78	2475.99
716.96	2403.15
717.15	2384.71
717.33	2425.97
717.52	2424.21
717.70	2380.03
717.89	2382.08
718.07	2390.86
718.25	2869.79
718.44	2895.83
718.62	2928.89
718.81	3006.42
718.99	3081.90
719.18	3043.28
719.36	3032.46
719.55	2587.17
719.73	2581.90
719.92	2500.86
720.10	2526.02
720.28	2483.31
720.47	2442.06
720.65	2420.99
720.84	2412.51
721.02	2383.54
721.21	2354.29
721.39	2359.26
721.57	2344.63
721.76	2425.97
721.94	2437.08
722.13	2406.36
722.31	2432.40
722.50	2497.64
722.68	2409.87
722.86	2397.29
723.05	2455.22
723.23	2545.33
723.42	2572.25
723.60	2628.71
723.78	2604.72
723.97	2636.91
724.15	2597.70
724.34	2465.17
724.52	2386.18
724.70	2392.61
724.89	2322.69
725.07	2312.16
725.26	2293.14
725.44	2334.10
725.62	2319.47
725.81	2443.23
725.99	2423.33
726.18	2454.05
726.36	2434.45
726.54	2431.23
726.73	2433.28
726.91	2487.11
727.10	2347.26
727.28	2393.20
727.46	2414.56
727.65	2416.31
727.83	2435.33
728.01	2425.97
728.20	2484.77
728.38	2516.08
728.57	2495.30
728.75	2432.69
728.93	2463.41
729.12	2431.52
729.30	2411.04
729.48	2307.18
729.67	2297.53
729.85	2271.78
730.03	2270.90
730.22	2256.57
730.40	2258.32
730.58	2325.91
730.77	2391.15
730.95	2362.19
731.13	2363.65
731.32	2458.44
731.50	2428.01
731.69	2423.92
731.87	2385.88
732.05	2356.33
732.24	2432.99
732.42	2402.85
732.60	2336.15
732.79	2346.09
732.97	2375.94
733.15	2360.43
733.34	2330.88
733.52	2267.10
733.70	2285.53
733.89	2284.07
734.07	2295.77
734.25	2283.49
734.43	2363.65
734.62	2368.62
734.80	2374.77
734.98	2387.05
735.17	2378.57
735.35	2427.72
735.53	2461.37
735.72	2403.15
735.90	2526.02
736.08	2580.73
736.27	2613.79
736.45	2614.96
736.63	2561.13
736.81	2544.45
737.00	2528.07
737.18	2403.44
737.36	2365.11
737.55	2385.30
737.73	2397.88
737.91	2435.03
738.10	2413.38
738.28	2403.15
738.46	2431.52
738.64	2451.42
738.83	2423.92
739.01	2527.49
739.19	2504.96
739.38	2500.57
739.56	2513.44
739.74	2485.06
739.92	2459.32
740.11	2443.23
740.29	2438.25
740.47	2493.84
740.65	2496.47
740.84	2500.28
741.02	2520.17
741.20	2583.95
741.38	2664.70
741.57	2627.25
741.75	2610.28
741.93	2635.44
742.11	2741.65
742.30	2730.53
742.48	2646.56
742.66	2646.27
742.84	2557.62
743.03	2526.02
743.21	2490.62
743.39	2391.15
743.57	2398.76
743.76	2468.68
743.94	2351.65
744.12	2350.19
744.30	2440.01
744.49	2507.01
744.67	2505.84
744.85	2483.02
745.03	2463.41
745.22	2513.44
745.40	2545.33
745.58	2456.39
745.76	2490.04
745.94	2502.33
746.13	2542.11
746.31	2478.04
746.49	2445.86
746.67	2538.60
746.86	2564.93
747.04	2450.54
747.22	2469.27
747.40	2464.00
747.58	2471.90
747.77	2480.09
747.95	2358.09
748.13	2306.60
748.31	2308.06
748.49	2258.32
748.68	2234.33
748.86	2262.71
749.04	2254.52
749.22	2260.66
749.40	2264.18
749.59	2285.53
749.77	2303.96
749.95	2372.13
750.13	2365.11
750.31	2381.20
750.49	2471.02
750.68	2535.97
750.86	2525.73
751.04	2522.51
751.22	2478.33
751.40	2460.78
751.59	2530.70
751.77	2443.81
751.95	2370.96
752.13	2358.09
752.31	2346.97
752.49	2339.37
752.68	2347.56
752.86	2260.66
753.04	2278.51
753.22	2287.58
753.40	2335.85
753.58	2401.39
753.76	2397.29
753.95	2394.37
754.13	2471.90
754.31	2536.26
754.49	2524.27
754.67	2514.32
754.85	2528.36
755.04	2514.03
755.22	2587.17
755.40	2509.35
755.58	2427.72
755.76	2489.16
755.94	2464.58
756.12	2431.82
756.30	2431.23
756.49	2413.09
756.67	2500.86
756.85	2512.57
757.03	2481.55
757.21	2485.65
757.39	2447.32
757.57	2449.96
757.75	2392.32
757.94	2298.70
758.12	2285.53
758.30	2342.29
758.48	2414.56
758.66	2452.00
758.84	2455.51
759.02	2492.67
759.20	2533.63
759.38	2522.80
759.57	2500.86
759.75	2441.47
759.93	2383.84
760.11	2540.94
760.29	2519.59
760.47	2510.52
760.65	2534.80
760.83	2466.34
761.01	2467.51
761.19	2492.67
761.38	2328.83
761.56	2321.23
761.74	2315.08
761.92	2423.62
762.10	2529.53
762.28	2509.05
762.46	2574.30
762.64	2602.09
762.82	2601.21
763.00	2577.51
763.18	2456.39
763.36	2436.79
763.54	2444.40
763.73	2412.51
763.91	2404.32
764.09	2453.76
764.27	2536.26
764.45	2588.63
764.63	2507.59
764.81	2512.27
764.99	2511.69
765.17	2502.91
765.35	2480.68
765.53	2467.22
765.71	2417.19
765.89	2419.24
766.07	2425.09
766.25	2377.69
766.43	2377.98
766.61	2347.26
766.79	2306.60
766.98	2308.65
767.16	2328.25
767.34	2331.47
767.52	2390.27
767.70	2385.30
767.88	2379.74
768.06	2352.24
768.24	2333.81
768.42	2310.69
768.60	2308.65
768.78	2236.97
768.96	2228.19
769.14	2260.37
769.32	2261.25
769.50	2278.80
769.68	2287.87
769.86	2308.35
770.04	2396.42
770.22	2418.65
770.40	2404.02
770.58	2440.01
770.76	2432.11
770.94	2476.58
771.12	2437.67
771.30	2428.01
771.48	2448.79
771.66	2524.56
771.84	2518.12
772.02	2519.00
772.20	2478.63
772.38	2479.21
772.56	2487.99
772.74	2558.50
772.92	2545.92
773.10	2548.55
773.28	2543.28
773.46	2532.46
773.64	2619.94
773.82	2555.28
774.00	2455.51
774.18	2435.91
774.36	2432.69
774.54	2432.69
774.72	2430.65
774.90	2365.40
775.08	2378.57
775.26	2398.17
775.44	2415.73
775.62	2531.87
775.80	2800.45
775.97	3187.52
776.15	3731.98
776.33	4401.38
776.51	5269.72
776.69	6190.13
776.87	7076.90
777.05	7789.30
777.23	8319.43
777.41	8478.30
777.59	8389.36
777.77	7944.95
777.95	7312.71
778.13	6565.20
778.31	5933.55
778.49	5294.00
778.67	4806.29
778.85	4432.68
779.03	4129.88
779.21	3935.61
779.38	3780.55
779.56	3577.51
779.74	3479.79
779.92	3364.52
780.10	3171.72
780.28	3047.67
780.46	2971.02
780.64	2952.00
780.82	2820.35
781.00	2735.79
781.18	2618.77
781.36	2582.49
781.53	2572.54
781.71	2506.71
781.89	2413.97
782.07	2414.26
782.25	2356.33
782.43	2353.70
782.61	2407.24
782.79	2404.90
782.97	2394.08
783.15	2493.26
783.33	2484.19
783.50	2457.27
783.68	2850.19
783.86	2810.11
784.04	2795.48
784.22	2825.61
784.40	2755.10
784.58	2818.30
784.76	2828.54
784.94	2444.40
785.11	2444.40
785.29	2457.86
785.47	2421.87
785.65	2380.32
785.83	2324.15
786.01	2308.65
786.19	2294.02
786.37	2299.58
786.54	2283.49
786.72	2270.61
786.90	2270.90
787.08	2282.90
787.26	2340.83
787.44	2339.95
787.62	2333.51
787.79	2328.25
787.97	2371.26
788.15	2364.82
788.33	2338.78
788.51	2291.09
788.69	2295.19
788.87	2318.01
789.04	2331.17
789.22	2310.99
789.40	2325.03
789.58	2336.73
789.76	2295.48
789.94	2306.01
790.11	2270.61
790.29	2280.27
790.47	2273.25
790.65	2324.44
790.83	2332.34
791.01	2384.71
791.18	2386.76
791.36	2404.02
791.54	2432.40
791.72	2410.17
791.90	2369.79
792.07	2407.83
792.25	2494.43
792.43	2465.75
792.61	2542.11
792.79	2529.24
792.97	2597.41
793.14	2563.18
793.32	2479.80
793.50	2416.31
793.68	2439.42
793.86	2366.87
794.03	2416.60
794.21	2381.79
794.39	2440.89
794.57	2560.84
794.75	2524.27
794.92	2591.56
795.10	2555.57
795.28	2485.06
795.46	2481.55
795.64	2430.65
795.81	2342.88
795.99	2363.36
796.17	2313.33
796.35	2337.61
796.52	2363.36
796.70	2351.36
796.88	2339.66
797.06	2350.78
797.24	2344.34
797.41	2308.35
797.59	2293.14
797.77	2279.10
797.95	2276.46
798.12	2322.40
798.30	2353.70
798.48	2343.17
798.66	2357.21
798.83	2372.72
799.01	2351.95
799.19	2467.51
799.37	2492.96
799.54	2477.16
799.72	2480.38
799.90	2489.74
800.08	2571.66
800.25	2571.96
800.43	2465.17
800.61	2380.62
800.79	2389.39
800.96	2390.27
801.14	2394.37
801.32	2327.08
801.50	2354.58
801.67	2363.94
801.85	2425.67
802.03	2411.92
802.21	2520.46
802.38	2502.62
802.56	2570.79
802.74	2602.09
802.91	2585.12
803.09	2576.93
803.27	2556.16
803.45	2504.37
803.62	2634.27
803.80	2582.49
803.98	2518.71
804.15	2599.46
804.33	2708.88
804.51	2720.29
804.69	2644.22
804.86	2510.52
805.04	2457.56
805.22	2464.58
805.39	2425.67
805.57	2299.28
805.75	2359.26
805.92	2368.04
806.10	2376.81
806.28	2488.28
806.45	2469.56
806.63	2404.32
806.81	2484.77
806.99	2412.80
807.16	2440.01
807.34	2439.72
807.52	2343.75
807.69	2425.67
807.87	2465.75
808.05	2501.15
808.22	2499.69
808.40	2572.54
808.58	2571.66
808.75	2637.78
808.93	2560.25
809.11	2537.73
809.28	2405.49
809.46	2401.68
809.64	2305.43
809.81	2298.41
809.99	2260.37
810.17	2270.03
810.34	2279.68
810.52	2310.69
810.70	2296.94
810.87	2310.40
811.05	2328.54
811.22	2287.29
811.40	2337.32
811.58	2325.03
811.75	2292.55
811.93	2332.34
812.11	2332.34
812.28	2345.22
812.46	2437.96
812.64	2400.22
812.81	2410.17
812.99	2414.85
813.16	2419.24
813.34	2397.00
813.52	2391.15
813.69	2332.64
813.87	2335.85
814.05	2350.48
814.22	2348.14
814.40	2347.85
814.57	2363.94
814.75	2351.95
814.93	2350.48
815.10	2330.88
815.28	2330.59
815.46	2341.71
815.63	2317.42
815.81	2298.99
815.98	2305.72
816.16	2337.61
816.34	2361.89
816.51	2347.26
816.69	2337.02
816.86	2335.56
817.04	2342.29
817.21	2315.96
817.39	2288.46
817.57	2272.95
817.74	2273.83
817.92	2281.73
818.09	2293.43
818.27	2294.60
818.45	2313.03
818.62	2291.97
818.80	2285.53
818.97	2278.80
819.15	2275.88
819.32	2292.55
819.50	2296.94
819.68	2378.57
819.85	2385.01
820.03	2384.71
820.20	2482.72
820.38	2507.01
820.55	2564.35
820.73	2544.16
820.91	2562.89
821.08	2566.40
821.26	2611.16
821.43	2628.71
821.61	2675.52
821.78	2578.69
821.96	2586.88
822.13	2489.74
822.31	2478.63
822.48	2487.70
822.66	2385.01
822.84	2321.81
823.01	2349.02
823.19	2454.64
823.36	2473.07
823.54	2458.73
823.71	2424.80
823.89	2432.99
824.06	2445.57
824.24	2498.23
824.41	2383.84
824.59	2358.97
824.76	2366.87
824.94	2336.44
825.11	2314.50
825.29	2282.61
825.46	2227.60
825.64	2253.35
825.81	2261.25
825.99	2284.95
826.16	2325.61
826.34	2326.20
826.52	2342.00
826.69	2328.83
826.87	2334.98
827.04	2326.20
827.22	2348.44
827.39	2320.93
827.57	2337.32
827.74	2325.32
827.91	2360.43
828.09	2342.58
828.26	2351.36
828.44	2309.23
828.61	2318.01
828.79	2379.45
828.96	2412.21
829.14	2413.38
829.31	2422.75
829.49	2441.76
829.66	2453.47
829.84	2498.23
830.01	2492.67
830.19	2509.05
830.36	2469.56
830.54	2519.88
830.71	2512.27
830.89	2514.32
831.06	2463.41
831.24	2418.65
831.41	2418.94
831.58	2424.50
831.76	2402.27
831.93	2357.50
832.11	2351.07
832.28	2371.55
832.46	2434.16
832.63	2387.93
832.81	2392.91
832.98	2392.61
833.16	2425.09
833.33	2401.68
833.50	2411.04
833.68	2322.69
833.85	2377.98
834.03	2408.12
834.20	2394.95
834.38	2436.79
834.55	2466.63
834.72	2529.24
834.90	2586.58
835.07	2601.51
835.25	2665.87
835.42	2743.40
835.60	2719.41
835.77	2702.44
835.94	2631.93
836.12	2590.39
836.29	2532.75
836.47	2454.34
836.64	2334.98
836.81	2283.78
836.99	2277.05
837.16	2300.75
837.34	2278.80
837.51	2295.77
837.68	2252.77
837.86	2261.25
838.03	2278.22
838.21	2313.03
838.38	2254.52
838.55	2267.69
838.73	2223.22
838.90	2223.22
839.08	2205.37
839.25	2211.51
839.42	2171.43
839.60	2165.29
839.77	2168.51
839.95	2178.16
840.12	2156.80
840.29	2170.26
840.47	2164.41
840.64	2172.31
840.81	2188.69
840.99	2188.11
841.16	2188.11
841.34	2253.06
841.51	2309.52
841.68	2301.33
841.86	2320.93
842.03	2374.77
842.20	2363.94
842.38	2356.92
842.55	2318.89
842.72	2285.83
842.90	2369.79
843.07	2425.38
843.24	2494.43
843.42	2656.51
843.59	2883.83
843.77	3143.92
843.94	3440.00
844.11	3709.46
844.29	3945.56
844.46	4080.72
844.63	4161.47
844.81	4152.99
844.98	4100.03
845.15	3966.04
845.33	3824.14
845.50	3681.08
845.67	3546.79
845.85	3428.30
846.02	3324.15
846.19	3252.47
846.37	3179.91
846.54	3027.19
846.71	2995.01
846.88	3018.12
847.06	2966.34
847.23	2960.19
847.40	2860.13
847.58	2932.11
847.75	2942.05
847.92	2883.25
848.10	2754.23
848.27	2707.41
848.44	2631.93
848.62	2657.68
848.79	2590.68
848.96	2530.41
849.13	2450.54
849.31	2434.74
849.48	2421.87
849.65	2409.87
849.83	2363.36
850.00	2289.92
850.17	2354.29
850.34	2380.91
850.52	2580.73
850.69	2564.93
850.86	2556.16
851.04	2629.30
851.21	2587.46
851.38	2605.60
851.55	2563.47
851.73	2380.91
851.90	2367.16
852.07	2381.79
852.24	2361.31
852.42	2376.81
852.59	2345.22
852.76	2360.43
852.93	2356.33
853.11	2363.06
853.28	2357.21
853.45	2342.29
853.62	2322.98
853.80	2284.95
853.97	2387.64
854.14	2379.74
854.31	2407.83
854.49	2395.83
854.66	2362.77
854.83	2366.28
855.00	2355.46
855.18	2280.27
855.35	2350.78
855.52	2411.04
855.69	2420.11
855.87	2412.80
856.04	2424.50
856.21	2456.39
856.38	2410.46
856.56	2338.78
856.73	2255.98
856.90	2366.28
857.07	2378.57
857.24	2409.58
857.42	2366.28
857.59	2487.40
857.76	2497.94
857.93	2507.59
858.10	2519.88
858.28	2566.40
858.45	2514.03
858.62	2549.14
858.79	2450.25
858.96	2430.94
859.14	2492.09
859.31	2399.93
859.48	2327.96
859.65	2388.81
859.82	2380.62
860.00	2390.56
860.17	2416.31
860.34	2334.98
860.51	2298.99
860.68	2327.37
860.86	2291.97
861.03	2272.08
861.20	2267.39
861.37	2240.48
861.54	2261.25
861.71	2271.49
861.89	2248.08
862.06	2236.38
862.23	2342.88
862.40	2371.26
862.57	2538.60
862.74	2565.23
862.92	2544.45
863.09	2570.79
863.26	2589.80
863.43	2569.32
863.60	2526.02
863.77	2357.80
863.95	2341.12
864.12	2365.99
864.29	2417.48
864.46	2396.42
864.63	2381.79
864.80	2375.94
864.97	2373.60
865.15	2368.91
865.32	2345.51
865.49	2282.31
865.66	2279.10
865.83	2222.05
866.00	2264.76
866.17	2295.77
866.35	2332.93
866.52	2363.94
866.69	2385.88
866.86	2418.65
867.03	2418.94
867.20	2348.44
867.37	2319.47
867.54	2311.57
867.72	2267.98
867.89	2321.52
868.06	2287.87
868.23	2298.41
868.40	2336.73
868.57	2318.89
868.74	2263.01
868.91	2303.67
869.08	2202.44
869.26	2227.90
869.43	2206.25
869.60	2212.98
869.77	2255.69
869.94	2293.72
870.11	2259.79
870.28	2268.86
870.45	2240.48
870.62	2233.16
870.79	2228.78
870.96	2240.48
871.14	2261.25
871.31	2253.06
871.48	2275.29
871.65	2290.21
871.82	2369.79
871.99	2374.77
872.16	2335.85
872.33	2296.65
872.50	2323.57
872.67	2356.33
872.84	2340.54
873.01	2263.59
873.18	2237.26
873.35	2234.63
873.53	2213.56
873.70	2267.98
873.87	2211.22
874.04	2234.04
874.21	2229.95
874.38	2275.59
874.55	2312.45
874.72	2394.66
874.89	2324.15
875.06	2353.41
875.23	2344.92
875.40	2357.21
875.57	2325.91
875.74	2368.62
875.91	2337.32
876.08	2356.33
876.25	2327.66
876.42	2319.76
876.59	2301.62
876.76	2393.20
876.93	2308.35
877.10	2276.76
877.27	2270.61
877.44	2284.36
877.61	2289.63
877.79	2325.61
877.96	2229.36
878.13	2309.82
878.30	2303.09
878.47	2319.47
878.64	2388.52
878.81	2385.59
878.98	2349.31
879.15	2448.79
879.32	2394.66
879.49	2394.95
879.66	2427.72
879.83	2365.40
880.00	2403.44
880.17	2463.41
880.34	2384.13
880.51	2436.21
880.68	2486.82
880.85	2475.12
881.02	2552.06
881.19	2538.60
881.36	2483.02
881.53	2547.97
881.69	2494.72
881.86	2501.15
882.03	2458.44
882.20	2368.62
882.37	2411.34
882.54	2502.62
882.71	2410.17
882.88	2426.26
883.05	2370.08
883.22	2376.52
883.39	2373.30
883.56	2310.99
883.73	2267.69
883.90	2361.89
884.07	2326.20
884.24	2390.27
884.41	2394.08
884.58	2396.12
884.75	2516.08
884.92	2507.30
885.09	2431.23
885.26	2484.77
885.43	2522.80
885.60	2550.01
885.77	2579.86
885.93	2487.40
886.10	2454.64
886.27	2535.39
886.44	2517.83
886.61	2404.32
886.78	2456.39
886.95	2413.68
887.12	2393.78
887.29	2412.21
887.46	2332.93
887.63	2333.22
887.80	2349.61
887.97	2318.89
888.14	2323.86
888.30	2297.53
888.47	2266.22
888.64	2273.25
888.81	2333.22
888.98	2326.20
889.15	2355.16
889.32	2420.41
889.49	2425.38
889.66	2487.11
889.83	2495.01
890.00	2426.26
890.16	2455.22
890.33	2364.53
890.50	2373.01
890.67	2384.71
890.84	2391.73
891.01	2394.08
891.18	2375.35
891.35	2582.49
891.52	2328.54
891.68	2242.53
