175.94	1271.79
176.16	1271.79
176.38	1271.79
176.61	1948.50
176.83	2209.76
177.05	2433.57
177.27	2853.70
177.49	3076.34
177.71	3331.46
177.93	3244.57
178.15	3214.14
178.37	3254.22
178.59	3426.25
178.81	3240.18
179.03	3313.91
179.25	3283.19
179.47	3242.52
179.69	3408.11
179.91	3364.23
180.13	3176.40
180.35	3247.20
180.58	3233.74
180.80	3344.33
181.02	3332.92
181.24	3173.18
181.46	3113.50
181.68	3203.61
181.90	3191.32
182.12	3158.85
182.34	3073.71
182.56	3064.64
182.78	3050.60
183.00	3162.65
183.22	3079.56
183.44	3097.70
183.66	3165.28
183.88	3106.48
184.10	3145.97
184.32	3093.90
184.54	2985.06
184.76	3094.77
184.98	3059.08
185.20	3002.32
185.42	3080.73
185.64	3086.87
185.86	3262.71
186.08	3279.97
186.30	3222.33
186.52	3240.76
186.74	3261.24
186.96	3294.60
187.18	3436.49
187.40	3293.72
187.62	3391.73
187.84	3459.31
188.06	3535.67
188.28	3482.72
188.50	3405.77
188.72	3204.78
188.94	3255.10
189.16	3292.55
189.38	3184.88
189.60	3128.71
189.82	3137.78
190.04	3097.41
190.26	3076.63
190.48	3027.48
190.70	2877.69
190.92	2989.74
191.14	2950.54
191.36	2993.55
191.58	3072.83
191.80	3246.32
192.02	3254.51
192.24	3382.66
192.46	3274.12
192.68	3240.76
192.90	3217.94
193.12	3198.93
193.34	3039.77
193.56	3041.23
193.78	2977.45
194.00	2990.62
194.22	2942.05
194.44	3056.74
194.66	3082.78
194.88	3167.04
195.10	3212.97
195.32	3208.87
195.54	3243.69
195.76	3275.58
195.98	3191.61
196.20	3142.75
196.42	3175.81
196.64	3081.61
196.86	3012.85
197.08	2951.71
197.30	2943.81
197.51	2859.84
197.73	2866.57
197.95	2843.46
198.17	2889.39
198.39	3012.56
198.61	3183.42
198.83	3160.89
199.05	3151.53
199.27	3210.92
199.49	3126.37
199.71	3100.62
199.93	3130.17
200.15	3077.51
200.37	3114.67
200.59	3111.74
200.81	3059.37
201.03	3065.52
201.25	3067.56
201.46	2927.43
201.68	2863.94
201.90	2932.11
202.12	2946.44
202.34	2949.95
202.56	3047.67
202.78	3112.33
203.00	3212.39
203.22	3200.98
203.44	3163.53
203.66	3127.25
203.88	3136.61
204.10	3057.32
204.31	3011.39
204.53	2925.96
204.75	2956.97
204.97	2918.06
205.19	3019.00
205.41	3060.84
205.63	3120.52
205.85	3325.32
206.07	3477.45
206.29	3470.72
206.51	3645.38
206.73	3734.91
206.94	3660.60
207.16	3687.22
207.38	3454.05
207.60	3277.34
207.82	3243.98
208.04	3123.15
208.26	2987.99
208.48	3007.30
208.70	2877.69
208.91	2951.12
209.13	3039.77
209.35	3065.81
209.57	3074.29
209.79	3053.52
210.01	3019.00
210.23	3003.20
210.45	2975.41
210.67	3050.30
210.88	3138.66
211.10	3089.80
211.32	3117.01
211.54	3231.99
211.76	3318.88
211.98	3284.94
212.20	3178.15
212.42	3168.79
212.63	3150.65
212.85	3193.37
213.07	3088.63
213.29	3009.64
213.51	3004.08
213.73	2931.23
213.95	2845.51
214.17	2884.42
214.38	2885.00
214.60	2891.15
214.82	2919.23
215.04	2895.54
215.26	2916.01
215.48	2854.58
215.70	2827.95
215.91	2840.83
216.13	2970.43
216.35	3020.46
216.57	3141.29
216.79	3177.86
217.01	3221.75
217.23	3250.71
217.44	3240.18
217.66	3095.36
217.88	3070.20
218.10	2979.50
218.32	2950.54
218.54	2955.51
218.75	2930.06
218.97	2897.29
219.19	2944.98
219.41	3014.02
219.63	3070.78
219.85	3160.31
220.06	3160.89
220.28	3120.52
220.50	3086.87
220.72	3073.42
220.94	3070.49
221.16	3013.44
221.37	3007.88
221.59	3055.86
221.81	3207.70
222.03	3195.42
222.25	3251.00
222.46	3250.71
222.68	3457.85
222.90	3448.78
223.12	3347.26
223.34	3401.68
223.56	3452.00
223.77	3378.27
223.99	3312.15
224.21	3254.51
224.43	3189.57
224.65	3337.60
224.86	3188.69
225.08	3120.52
225.30	3165.87
225.52	3159.14
225.74	2989.16
225.95	2927.13
226.17	2820.05
226.39	2933.57
226.61	3125.20
226.83	3084.24
227.04	3094.77
227.26	3419.52
227.48	3499.10
227.70	3493.25
227.92	3345.80
228.13	3197.17
228.35	3297.52
228.57	3283.19
228.79	3028.95
229.00	2972.19
229.22	2973.36
229.44	2994.72
229.66	3064.64
229.88	2926.84
230.09	2894.66
230.31	2903.43
230.53	2984.77
230.75	3004.37
230.96	3007.88
231.18	2964.87
231.40	3134.27
231.62	3249.83
231.84	3215.31
232.05	3195.71
232.27	3232.28
232.49	3203.90
232.71	3222.33
232.92	3188.10
233.14	3116.13
233.36	3173.77
233.58	3104.72
233.79	3043.87
234.01	3038.02
234.23	3045.91
234.45	2959.02
234.66	3019.58
234.88	2935.91
235.10	3013.73
235.32	2992.08
235.53	3003.49
235.75	2943.52
235.97	2906.36
236.19	2899.63
236.40	2860.13
236.62	2985.65
236.84	3028.07
237.06	3118.76
237.27	3101.50
237.49	3224.38
237.71	3315.66
237.92	3288.75
238.14	3129.88
238.36	3100.92
238.58	3014.61
238.79	3000.27
239.01	2897.58
239.23	2747.50
239.45	2782.90
239.66	2844.63
239.88	2774.12
240.10	2850.77
240.31	2886.17
240.53	2925.96
240.75	2877.69
240.97	2913.09
241.18	2943.22
241.40	3023.09
241.62	3084.24
241.83	3043.28
242.05	2982.72
242.27	2978.33
242.49	2972.77
242.70	2908.12
242.92	2821.22
243.14	2754.23
243.35	2751.88
243.57	2827.07
243.79	2846.38
244.00	2919.23
244.22	2893.78
244.44	3068.44
244.66	3248.66
244.87	3293.72
245.09	3242.23
245.31	3322.39
245.52	3211.21
245.74	3200.98
245.96	3141.00
246.17	2870.08
246.39	2873.59
246.61	2827.07
246.82	2854.58
247.04	2903.43
247.26	2920.11
247.47	2926.55
247.69	2932.98
247.91	2942.05
248.13	3068.15
248.34	2985.65
248.56	3017.83
248.78	3039.48
248.99	2995.89
249.21	3107.06
249.43	3070.78
249.64	2975.41
249.86	2946.73
250.08	2879.44
250.29	2888.22
250.51	2991.79
250.73	2888.22
250.94	2877.98
251.16	2963.41
251.37	3058.79
251.59	3145.68
251.81	3174.94
252.02	3067.86
252.24	3298.69
252.46	3324.15
252.67	3303.08
252.89	3304.25
253.11	3209.17
253.32	3132.51
253.54	3133.10
253.76	2925.38
253.97	2897.00
254.19	2870.37
254.41	2841.41
254.62	2825.03
254.84	2842.58
255.05	2856.92
255.27	2781.43
255.49	2803.67
255.70	2803.38
255.92	2755.10
256.14	2772.66
256.35	2766.81
256.57	2758.32
256.79	2837.61
257.00	2845.51
257.22	2851.07
257.43	3002.03
257.65	2996.47
257.87	3027.48
258.08	3004.37
258.30	2983.60
258.51	2949.37
258.73	2904.60
258.95	2723.80
259.16	2805.13
259.38	2808.64
259.60	2802.79
259.81	2803.67
260.03	2797.82
260.24	2864.23
260.46	2880.32
260.68	2902.56
260.89	2829.71
261.11	2938.25
261.32	2960.19
261.54	2976.28
261.76	2938.25
261.97	3024.56
262.19	3039.48
262.40	3076.93
262.62	2971.90
262.84	2942.05
263.05	2963.12
263.27	2984.48
263.48	2983.60
263.70	2915.72
263.91	2935.03
264.13	2929.18
264.35	2967.80
264.56	2937.96
264.78	2887.64
264.99	2793.72
265.21	2766.22
265.43	2758.03
265.64	2878.27
265.86	2924.79
266.07	2909.87
266.29	2900.80
266.50	2964.00
266.72	3091.85
266.94	3080.73
267.15	2997.64
267.37	2971.31
267.58	3030.99
267.80	3058.79
268.01	3016.66
268.23	2874.47
268.44	2911.33
268.66	2863.06
268.88	2786.70
269.09	2774.12
269.31	2822.98
269.52	2842.87
269.74	2945.27
269.95	2870.08
270.17	3019.00
270.38	3124.32
270.60	3176.40
270.82	3160.89
271.03	3103.26
271.25	3023.97
271.46	3136.32
271.68	3081.32
271.89	3308.35
272.11	3284.94
272.32	3363.93
272.54	3459.90
272.75	3577.51
272.97	3494.42
273.18	3436.20
273.40	3104.43
273.62	3095.94
273.83	2949.08
274.05	2912.21
274.26	2771.19
274.48	2857.79
274.69	2880.91
274.91	2856.62
275.12	2974.82
275.34	3000.27
275.55	2993.25
275.77	2982.72
275.98	2977.75
276.20	3017.24
276.41	3025.73
276.63	2849.31
276.84	2968.97
277.06	3052.35
277.27	3064.35
277.49	2935.03
277.70	2856.33
277.92	2920.99
278.13	2940.88
278.35	2851.36
278.56	2808.64
278.78	2851.07
278.99	2944.98
279.21	2958.14
279.42	3101.21
279.64	3212.68
279.85	3233.16
280.07	3128.71
280.28	3161.77
280.50	3190.74
280.71	3283.19
280.93	3165.87
281.14	3179.03
281.36	3123.15
281.57	3190.44
281.79	3142.17
282.00	3141.00
282.22	2982.14
282.43	2932.11
282.65	2792.84
282.86	2810.69
283.08	2885.30
283.29	2831.76
283.51	2764.17
283.72	2876.52
283.94	2913.97
284.15	2968.09
284.36	2953.46
284.58	2858.09
284.79	2925.67
285.01	2932.98
285.22	2898.17
285.44	2872.13
285.65	2960.78
285.87	2957.85
286.08	2945.27
286.30	2944.10
286.51	2927.72
286.73	2921.57
286.94	2881.20
287.15	2797.23
287.37	2925.67
287.58	2985.94
287.80	2992.37
288.01	2931.81
288.23	2879.74
288.44	2867.74
288.66	2847.85
288.87	2683.13
289.08	2637.49
289.30	2596.82
289.51	2693.37
289.73	2746.03
289.94	2766.51
290.16	2715.02
290.37	2788.46
290.58	2736.96
290.80	2714.73
291.01	2900.80
291.23	2859.26
291.44	2904.60
291.66	2969.55
291.87	2925.38
292.08	2958.44
292.30	3002.61
292.51	2899.34
292.73	2896.41
292.94	2949.66
293.16	2948.49
293.37	3028.65
293.58	3082.49
293.80	3084.53
294.01	3078.97
294.23	3155.04
294.44	3192.49
294.65	3342.87
294.87	3294.89
295.08	3333.51
295.30	3318.00
295.51	3178.15
295.72	3152.12
295.94	3104.43
296.15	2930.35
296.37	3029.24
296.58	2957.85
296.79	2969.85
297.01	3077.51
297.22	3064.93
297.44	2974.24
297.65	2985.35
297.86	2885.59
298.08	2873.01
298.29	2962.24
298.51	2914.55
298.72	2909.58
298.93	2899.34
299.15	2853.99
299.36	2852.82
299.57	2997.06
299.79	2859.55
300.00	2889.68
300.22	2960.49
300.43	2978.62
300.64	3008.17
300.86	2971.90
301.07	2849.02
301.28	3023.39
301.50	3023.39
301.71	2968.38
301.93	2974.82
302.14	3045.62
302.35	3094.48
302.57	3050.30
302.78	2904.60
302.99	2858.96
303.21	2870.37
303.42	2877.69
303.63	2808.35
303.85	2827.95
304.06	2883.54
304.28	2981.26
304.49	2975.70
304.70	3052.64
304.92	3066.98
305.13	3154.46
305.34	3078.97
305.56	3175.23
305.77	3049.13
305.98	3002.91
306.20	2940.30
306.41	2951.12
306.62	2868.03
306.84	2892.90
307.05	2781.73
307.26	2930.06
307.48	2944.98
307.69	2999.40
307.90	2967.51
308.12	3037.43
308.33	2974.53
308.54	2906.65
308.76	2790.50
308.97	2825.90
309.18	2768.85
309.40	2718.53
309.61	2640.71
309.82	2650.66
310.04	2688.40
310.25	2679.62
310.46	2694.83
310.67	2671.72
310.89	2703.61
311.10	2647.15
311.31	2751.01
311.53	2840.53
311.74	2913.97
311.95	2931.81
312.17	2900.80
312.38	2944.39
312.59	2992.08
312.81	2922.45
313.02	2859.26
313.23	2817.42
313.44	2821.22
313.66	2886.17
313.87	2832.34
314.08	2832.63
314.30	2862.18
314.51	2820.64
314.72	2870.96
314.93	2793.43
315.15	2687.81
315.36	2817.42
315.57	2790.80
315.79	2839.36
316.00	2852.82
316.21	2763.59
316.42	2746.33
316.64	2774.71
316.85	2757.74
317.06	2854.58
317.28	2757.15
317.49	2817.71
317.70	2795.77
317.91	2818.88
318.13	2813.32
318.34	2698.05
318.55	2618.77
318.76	2645.10
318.98	2619.35
319.19	2727.02
319.40	2739.30
319.62	2842.00
319.83	2959.90
320.04	2961.95
320.25	2975.70
320.47	2949.95
320.68	2934.74
320.89	2998.81
321.10	2905.78
321.32	2765.64
321.53	2764.17
321.74	2763.29
321.95	2775.88
322.17	2724.09
322.38	2708.29
322.59	2728.19
322.80	2767.39
323.02	2774.41
323.23	2764.47
323.44	2890.27
323.65	2846.97
323.86	2890.27
324.08	2882.95
324.29	2968.97
324.50	2951.71
324.71	2928.60
324.93	2806.01
325.14	2942.93
325.35	2938.25
325.56	2953.17
325.78	2911.92
325.99	2974.53
326.20	2974.53
326.41	2958.14
326.62	2920.70
326.84	2910.75
327.05	2938.84
327.26	2896.71
327.47	2874.47
327.69	2861.60
327.90	2846.38
328.11	2787.87
328.32	2806.01
328.53	2862.77
328.75	2840.83
328.96	2851.07
329.17	2980.09
329.38	3009.05
329.59	2957.27
329.81	2815.37
330.02	2753.06
330.23	2848.14
330.44	2813.62
330.65	2827.95
330.87	2888.51
331.08	2949.08
331.29	3006.71
331.50	2938.25
331.71	2863.06
331.92	2876.52
332.14	2813.32
332.35	2709.17
332.56	2720.58
332.77	2803.96
332.98	2802.79
333.20	2839.36
333.41	3006.42
333.62	2952.88
333.83	2983.89
334.04	2925.96
334.25	2846.38
334.47	2902.85
334.68	2906.07
334.89	2688.40
335.10	2701.56
335.31	2700.98
335.52	2832.93
335.74	2785.82
335.95	2738.13
336.16	2785.24
336.37	2870.96
336.58	2852.24
336.79	2864.82
337.01	2798.40
337.22	2797.82
337.43	2823.27
337.64	2786.12
337.85	2712.39
338.06	2717.95
338.28	2692.49
338.49	2700.98
338.70	2748.08
338.91	2801.04
339.12	2764.47
339.33	2813.03
339.54	2822.69
339.76	2792.84
339.97	2843.17
340.18	2863.35
340.39	2812.74
340.60	2800.45
340.81	2810.69
341.02	3026.90
341.23	3105.01
341.45	3016.66
341.66	3011.39
341.87	3046.50
342.08	3038.02
342.29	3013.15
342.50	2771.19
342.71	2714.44
342.92	2778.22
343.14	2852.24
343.35	2825.90
343.56	2853.70
343.77	2881.20
343.98	2858.38
344.19	2879.74
344.40	2839.95
344.61	2853.41
344.82	2817.13
345.04	2818.88
345.25	2808.35
345.46	2877.98
345.67	2967.51
345.88	3004.96
346.09	2883.83
346.30	2880.32
346.51	2865.99
346.72	2906.07
346.94	2883.83
347.15	2863.35
347.36	2814.49
347.57	2854.87
347.78	2911.63
347.99	3023.68
348.20	2925.08
348.41	2903.73
348.62	2882.08
348.83	2939.42
349.04	2972.19
349.25	2992.37
349.47	2998.23
349.68	3012.27
349.89	3061.42
350.10	3043.28
350.31	3048.55
350.52	3047.08
350.73	2945.86
350.94	2845.51
351.15	2947.03
351.36	2966.92
351.57	3071.95
351.78	2962.83
351.99	2889.68
352.21	2940.88
352.42	2970.14
352.63	2887.64
352.84	2935.32
353.05	2808.06
353.26	2811.57
353.47	2913.97
353.68	2885.59
353.89	2805.72
354.10	2757.44
354.31	2663.53
354.52	2706.83
354.73	2748.96
354.94	2647.15
355.15	2875.06
355.36	2908.70
355.57	3025.14
355.78	3029.82
355.99	3071.37
356.20	3176.69
356.42	3203.02
356.63	2973.07
356.84	3052.64
357.05	2995.89
357.26	2988.28
357.47	3047.38
357.68	2916.60
357.89	2938.25
358.10	2983.01
358.31	2911.04
358.52	2854.58
358.73	2842.58
358.94	2703.03
359.15	2751.01
359.36	2748.08
359.57	2849.02
359.78	2861.60
359.99	3037.43
360.20	3088.63
360.41	3071.37
360.62	3143.63
360.83	3063.76
361.04	2911.04
361.25	2903.43
361.46	2850.48
361.67	2818.88
361.88	2871.25
362.09	2842.58
362.30	2909.87
362.51	2918.65
362.72	2886.47
362.93	2935.91
363.14	2987.40
363.35	2908.12
363.56	2800.74
363.77	2877.69
363.98	3050.60
364.19	3046.79
364.40	2918.36
364.61	2985.35
364.82	3107.94
365.03	3266.22
365.24	3150.07
365.45	3199.51
365.66	3320.05
365.87	3453.75
366.08	3292.55
366.29	3220.58
366.50	3186.35
366.71	3330.29
366.92	3169.38
367.13	3057.03
367.34	3020.46
367.55	3160.02
367.76	3130.17
367.97	3081.90
368.18	3014.61
368.39	2971.90
368.60	3287.28
368.81	3184.88
369.01	3077.22
369.22	3088.34
369.43	3111.74
369.64	3114.67
369.85	3200.39
370.06	2867.45
370.27	2898.17
370.48	2931.23
370.69	2934.45
370.90	2830.00
371.11	2731.11
371.32	2717.65
371.53	2863.65
371.74	2828.54
371.95	2755.69
372.16	2828.24
372.37	2983.60
372.58	2988.57
372.79	2885.59
372.99	2947.90
373.20	2997.06
373.41	2981.26
373.62	3002.03
373.83	3020.75
374.04	3196.59
374.25	3200.68
374.46	3001.74
374.67	3118.76
374.88	3179.33
375.09	3015.20
375.30	2868.33
375.51	2844.92
375.72	2966.92
375.92	2983.89
376.13	2829.12
376.34	2855.45
376.55	2935.03
376.76	3105.89
376.97	3035.38
377.18	2958.14
377.39	3131.93
377.60	3172.89
377.81	3205.07
378.02	3252.76
378.22	3150.07
378.43	3258.03
378.64	3214.73
378.85	3053.23
379.06	3046.21
379.27	3017.54
379.48	2952.88
379.69	2932.69
379.90	2961.66
380.11	3037.14
380.31	3136.03
380.52	3106.77
380.73	3245.15
380.94	3251.88
381.15	3260.37
381.36	3101.50
381.57	3108.23
381.78	3021.92
381.99	3065.81
382.19	2900.80
382.40	2914.55
382.61	2876.52
382.82	2825.03
383.03	2824.44
383.24	2873.59
383.45	2890.27
383.65	2899.63
383.86	2912.80
384.07	2943.22
384.28	2916.31
384.49	2865.99
384.70	2807.47
384.91	2861.89
385.12	2895.83
385.32	2842.29
385.53	2800.16
385.74	2888.22
385.95	2850.19
386.16	2823.86
386.37	2746.62
386.58	2702.15
386.78	2701.56
386.99	2766.81
387.20	2717.65
387.41	2853.11
387.62	2863.06
387.83	2848.43
388.03	2864.23
388.24	2914.26
388.45	2843.75
388.66	2882.37
388.87	2813.62
389.08	2785.24
389.28	2755.40
389.49	2735.79
389.70	2725.55
389.91	2811.57
390.12	2781.14
390.33	2788.16
390.53	2935.91
390.74	2975.70
390.95	2970.72
391.16	3014.61
391.37	3026.02
391.58	3024.26
391.78	3035.38
391.99	2960.78
392.20	2924.79
392.41	2938.84
392.62	2821.81
392.82	2742.82
393.03	2768.27
393.24	2790.80
393.45	2732.87
393.66	2727.60
393.87	2767.98
394.07	2836.14
394.28	2979.21
394.49	3078.97
394.70	3028.36
394.91	3136.90
395.11	3168.21
395.32	3094.19
395.53	3166.16
395.74	3034.21
395.94	3032.75
396.15	3002.32
396.36	2920.11
396.57	2939.42
396.78	2951.12
396.98	2818.88
397.19	2791.67
397.40	2732.87
397.61	2763.88
397.82	2730.53
398.02	2697.76
398.23	2730.82
398.44	2769.73
398.65	2741.35
398.85	2743.40
399.06	2819.47
399.27	2864.52
399.48	2967.51
399.69	3066.10
399.89	3097.41
400.10	3127.25
400.31	3046.50
400.52	2985.94
400.72	2994.13
400.93	2847.26
401.14	2679.04
401.35	2661.48
401.55	2760.37
401.76	2739.30
401.97	2724.68
402.18	2696.59
402.38	2731.11
402.59	2883.25
402.80	2836.73
403.01	2857.50
403.21	2949.08
403.42	2935.91
403.63	3090.38
403.84	3351.94
404.04	3369.49
404.25	3443.51
404.46	3319.17
404.67	3423.33
404.87	3448.78
405.08	3315.95
405.29	3083.95
405.50	3020.75
405.70	3158.85
405.91	3234.33
406.12	3079.85
406.32	3222.92
406.53	3221.45
406.74	3172.89
406.95	3143.34
407.15	2983.60
407.36	2952.00
407.57	3001.44
407.77	2797.53
407.98	2869.50
408.19	2915.72
408.40	2848.43
408.60	2811.57
408.81	2829.71
409.02	2957.56
409.22	2977.75
409.43	2881.20
409.64	2845.80
409.85	2914.26
410.05	2909.29
410.26	2839.95
410.47	2703.32
410.67	2862.18
410.88	2857.79
411.09	2846.09
411.29	2878.86
411.50	2943.22
411.71	2964.29
411.92	2978.62
412.12	2870.37
412.33	2911.33
412.54	2960.78
412.74	3009.64
412.95	3056.45
413.16	3111.74
413.36	3053.81
413.57	3159.14
413.78	3141.88
413.98	3264.17
414.19	3265.05
414.40	3304.54
414.60	3362.18
414.81	3449.07
415.02	3380.61
415.22	3457.26
415.43	3441.17
415.64	3509.05
415.84	3471.89
416.05	3442.34
416.26	3492.96
416.46	3442.34
416.67	3343.46
416.88	3231.40
417.08	3090.38
417.29	3132.51
417.50	3235.21
417.70	3099.75
417.91	3112.33
418.12	3249.83
418.32	3319.46
418.53	3409.58
418.74	3463.41
418.94	3438.83
419.15	3569.02
419.36	3632.22
419.56	3668.20
419.77	3728.18
419.97	3664.40
420.18	3645.09
420.39	3725.26
420.59	3733.15
420.80	3707.70
421.01	3630.17
421.21	3557.61
421.42	3487.11
421.63	3448.78
421.83	3302.79
422.04	3237.25
422.24	3252.47
422.45	3161.77
422.66	3138.07
422.86	3289.62
423.07	3217.07
423.28	3162.06
423.48	3081.61
423.69	3231.69
423.89	3229.35
424.10	3215.90
424.31	3207.70
424.51	3161.48
424.72	3256.86
424.92	3428.01
425.13	3229.06
425.34	3356.91
425.54	3418.06
425.75	3305.13
425.95	3397.00
426.16	3334.39
426.37	3277.92
426.57	3270.61
426.78	3143.63
426.98	3157.97
427.19	3254.51
427.40	3159.14
427.60	3066.10
427.81	2958.73
428.01	2990.62
428.22	3036.55
428.43	2992.67
428.63	2914.55
428.84	2965.75
429.04	2998.23
429.25	3004.37
429.45	3166.45
429.66	3220.87
429.87	3202.15
430.07	3186.64
430.28	3213.85
430.48	3204.78
430.69	3143.92
430.89	2934.15
431.10	2864.23
431.31	2828.54
431.51	2829.42
431.72	2742.23
431.92	2874.18
432.13	3009.05
432.33	2989.45
432.54	3019.88
432.74	3112.03
432.95	3252.17
433.16	3270.61
433.36	3263.58
433.57	3194.83
433.77	3247.79
433.98	3427.42
434.18	3405.48
434.39	3542.40
434.59	3767.38
434.80	3861.30
435.01	4162.94
435.21	4339.94
435.42	4372.12
435.62	4460.48
435.83	4309.80
436.03	4250.71
436.24	4163.52
436.44	3902.55
436.65	3755.97
436.85	3511.39
437.06	3415.72
437.26	3298.99
437.47	3158.26
437.67	3020.46
437.88	3045.33
438.08	3111.74
438.29	3104.72
438.50	3065.52
438.70	3060.25
438.91	3127.83
439.11	3100.92
439.32	3066.69
439.52	2916.31
439.73	2882.95
439.93	2928.30
440.14	2913.09
440.34	2835.56
440.55	2989.74
440.75	3014.61
440.96	3011.10
441.16	3050.01
441.37	2933.28
441.57	2930.35
441.78	2979.21
441.98	2862.48
442.19	2827.66
442.39	2870.96
442.60	2835.85
442.80	2861.01
443.01	3896.11
443.21	3782.01
443.42	3960.48
443.62	3909.28
443.83	3909.57
444.03	3957.55
444.23	4946.43
444.44	3914.84
444.64	4038.01
444.85	3882.66
445.05	3958.14
445.26	4005.83
445.46	4028.35
445.67	3195.12
445.87	3203.61
446.08	3150.36
446.28	3115.25
446.49	3115.55
446.69	3042.11
446.90	3077.80
447.10	2933.28
447.31	2968.09
447.51	2959.02
447.71	2975.99
447.92	2900.51
448.12	2921.28
448.33	2868.03
448.53	2915.43
448.74	2908.41
448.94	2898.75
449.15	2890.56
449.35	2948.78
449.56	2969.26
449.76	3018.41
449.96	2979.50
450.17	2978.33
450.37	3082.78
450.58	3169.96
450.78	3138.07
450.99	3142.46
451.19	3058.20
451.39	3047.08
451.60	3069.03
451.80	3092.14
452.01	3026.02
452.21	3046.79
452.42	2997.06
452.62	3024.56
452.82	3019.58
453.03	3004.37
453.23	2850.77
453.44	2837.90
453.64	2844.34
453.85	2849.89
454.05	2833.80
454.25	2889.68
454.46	2843.75
454.66	2939.13
454.87	2946.15
455.07	3012.56
455.27	2965.17
455.48	2951.12
455.68	2899.63
455.89	2926.55
456.09	2817.71
456.29	2764.17
456.50	2657.68
456.70	2724.97
456.91	2717.95
457.11	2650.95
457.31	2629.01
457.52	2778.51
457.72	2901.09
457.93	3095.36
458.13	3107.35
458.33	3225.55
458.54	3294.89
458.74	3422.45
458.95	3330.58
459.15	3238.72
459.35	3074.00
459.56	3041.23
459.76	2998.52
459.96	3027.19
460.17	2911.04
460.37	2937.08
460.58	2987.69
460.78	3017.83
460.98	3109.11
461.19	3088.92
461.39	3195.12
461.59	3256.86
461.80	3231.99
462.00	3230.52
462.21	3225.84
462.41	3206.53
462.61	3199.51
462.82	3061.13
463.02	2985.94
463.22	2957.85
463.43	2939.71
463.63	2991.50
463.83	2986.23
464.04	2942.93
464.24	2941.47
464.44	2912.21
464.65	2970.43
464.85	3023.39
465.05	2983.01
465.26	3454.34
465.46	3483.01
465.66	3530.11
465.87	3552.93
466.07	3503.78
466.27	3592.14
466.48	3575.46
466.68	3200.39
466.88	3255.98
467.09	3263.00
467.29	3288.45
467.49	3299.57
467.70	3237.25
467.90	3301.33
468.10	3155.04
468.31	3056.45
468.51	2997.93
468.71	3103.26
468.92	3160.02
469.12	3084.83
469.32	2961.07
469.53	3032.46
469.73	3074.88
469.93	3124.62
470.14	2977.16
470.34	2911.63
470.54	2917.77
470.74	2882.37
470.95	2768.56
471.15	2760.66
471.35	2757.74
471.56	2765.05
471.76	2742.23
471.96	2708.58
472.17	2772.07
472.37	2752.18
472.57	2804.84
472.77	3041.82
472.98	3089.51
473.18	3174.64
473.38	3160.60
473.59	3127.83
473.79	3314.78
473.99	3265.93
474.19	3012.85
474.40	3028.95
474.60	2971.31
474.80	3073.42
475.01	3127.54
475.21	3086.58
475.41	3137.49
475.61	3089.21
475.82	3031.87
476.02	3117.01
476.22	3071.95
476.42	3125.49
476.63	3061.13
476.83	3035.97
477.03	3138.95
477.24	3078.68
477.44	2997.35
477.64	2993.55
477.84	2953.76
478.05	2922.45
478.25	2869.50
478.45	2795.77
478.65	3019.29
478.86	3007.59
479.06	2951.12
479.26	2971.02
479.46	3013.73
479.67	3008.76
479.87	3035.38
480.07	2852.53
480.27	2899.05
480.48	2915.72
480.68	2966.34
480.88	2916.89
481.08	3021.63
481.28	3056.74
481.49	3105.89
481.69	3084.53
481.89	3150.36
482.09	3103.26
482.30	3215.60
482.50	3128.42
482.70	3055.28
482.90	3087.75
483.11	3050.01
483.31	3028.36
483.51	3076.05
483.71	3075.76
483.91	3124.62
484.12	3306.88
484.32	3360.72
484.52	3419.23
484.72	3571.95
484.92	3678.74
485.13	3690.73
485.33	4132.22
485.53	4043.86
485.73	4076.92
485.93	4199.21
486.14	4143.92
486.34	4014.31
486.54	3970.43
486.74	3719.11
486.94	3770.90
487.15	3793.42
487.35	3804.54
487.55	3741.64
487.75	3737.25
487.95	3770.60
488.16	3576.92
488.36	3662.94
488.56	3564.93
488.76	3476.28
488.96	3478.33
489.17	3480.08
489.37	3523.97
489.57	3648.31
489.77	3523.68
489.97	3568.15
490.17	3556.44
490.38	3506.71
490.58	3513.73
490.78	3441.47
490.98	3338.19
491.18	3329.41
491.38	3270.31
491.59	3265.93
491.79	3339.36
491.99	3318.00
492.19	3267.39
492.39	3279.09
492.59	3325.61
492.80	3306.88
493.00	3305.71
493.20	3225.55
493.40	3217.94
493.60	3286.40
493.80	3291.96
494.00	3242.81
494.21	3271.19
494.41	3458.43
494.61	3486.52
494.81	3490.03
495.01	3482.42
495.21	3437.08
495.41	3420.11
495.62	3410.75
495.82	3236.08
496.02	3212.39
496.22	3158.26
496.42	3113.50
496.62	3130.47
496.82	3085.12
497.02	3165.57
497.23	3094.19
497.43	3151.82
497.63	3134.86
497.83	3197.17
498.03	3211.51
498.23	3178.45
498.43	3042.11
498.63	3094.48
498.84	3020.17
499.04	3117.01
499.24	3069.61
499.44	3007.30
499.64	3110.57
499.84	3295.18
500.04	3338.77
500.24	3338.77
500.44	3346.38
500.65	3319.17
500.85	3374.17
501.05	3350.48
501.25	3242.81
501.45	3163.23
501.65	3261.24
501.85	3205.66
502.05	3193.66
502.25	3254.22
502.45	3263.29
502.65	3195.42
502.86	3350.18
503.06	3237.25
503.26	3242.23
503.46	3217.65
503.66	3240.47
503.86	3208.29
504.06	3228.48
504.26	3076.05
504.46	3224.97
504.66	3237.55
504.86	3241.06
505.06	3090.97
505.26	3050.60
505.47	3186.93
505.67	3360.42
505.87	3224.97
506.07	3293.13
506.27	3313.91
506.47	3321.51
506.67	3402.55
506.87	3231.11
507.07	3027.48
507.27	3021.63
507.47	2872.42
507.67	2852.82
507.87	2864.82
508.07	2856.92
508.27	2993.84
508.47	2984.77
508.67	3033.04
508.87	3117.59
509.08	3102.67
509.28	3140.41
509.48	3064.05
509.68	3012.56
509.88	3124.32
510.08	3112.33
510.28	3107.65
510.48	3098.28
510.68	3087.75
510.88	3118.76
511.08	3072.25
511.28	2944.98
511.48	2926.25
511.68	2840.24
511.88	2947.03
512.08	2869.50
512.28	2862.77
512.48	2879.74
512.68	2935.91
512.88	3011.10
513.08	3078.97
513.28	3047.67
513.48	3035.09
513.68	3050.01
513.88	3102.09
514.08	3112.91
514.28	3091.85
514.48	3054.69
514.68	3044.45
514.88	3225.26
515.08	3301.03
515.28	3237.55
515.48	3194.54
515.68	3144.51
515.88	3164.99
516.08	3143.05
516.28	3114.08
516.48	2992.08
516.68	2977.16
516.88	2963.12
517.08	3003.20
517.28	3027.48
517.48	3056.15
517.68	3060.84
517.88	3167.92
518.08	3189.27
518.28	3181.37
518.48	3147.14
518.68	3160.89
518.88	3174.94
519.08	3177.86
519.28	3067.27
519.48	3091.26
519.68	3217.07
519.88	3206.83
520.08	3170.55
520.28	3094.19
520.48	2988.86
520.68	3025.14
520.88	2941.18
521.08	2810.69
521.28	2920.40
521.47	2894.07
521.67	2880.03
521.87	2848.14
522.07	2842.00
522.27	2931.23
522.47	3036.85
522.67	2901.39
522.87	2864.23
523.07	2841.70
523.27	2911.33
523.47	2922.45
523.67	2815.37
523.87	2788.75
524.07	2768.85
524.27	2807.47
524.47	2906.36
524.67	2857.79
524.87	2842.87
525.06	2937.66
525.26	2905.78
525.46	2971.90
525.66	2936.49
525.86	3028.65
526.06	3020.17
526.26	2993.25
526.46	2897.58
526.66	2856.04
526.86	2805.72
527.06	2870.67
527.26	2745.74
527.46	2743.11
527.65	2831.17
527.85	2854.87
528.05	2878.86
528.25	2928.30
528.45	2892.90
528.65	2994.42
528.85	3003.49
529.05	2961.07
529.25	2962.24
529.45	3033.92
529.65	3041.53
529.84	3046.79
530.04	2994.72
530.24	3023.68
530.44	3018.41
530.64	3034.50
530.84	2946.44
531.04	2932.11
531.24	3576.92
531.44	3560.25
531.63	3784.06
531.83	3760.07
532.03	3728.77
532.23	3794.59
532.43	3944.10
532.63	3346.38
532.83	3354.57
533.03	3133.98
533.22	3150.36
533.42	3209.75
533.62	3192.20
533.82	3023.39
534.02	3016.37
534.22	3025.43
534.42	2991.20
534.62	2971.90
534.81	2976.58
535.01	2990.91
535.21	2974.24
535.41	2995.01
535.61	3002.61
535.81	3050.01
536.01	3083.66
536.20	3068.44
536.40	3121.10
536.60	3205.66
536.80	3186.05
537.00	3364.52
537.20	3389.10
537.39	3403.72
537.59	3413.96
537.79	3508.17
537.99	3630.46
538.19	3752.76
538.39	3561.71
538.59	3720.28
538.78	3932.39
538.98	4032.45
539.18	4064.63
539.38	4069.90
539.58	4093.30
539.78	4260.65
539.97	4250.71
540.17	4299.86
540.37	4560.53
540.57	4809.80
540.77	5041.22
540.96	5353.39
541.16	5576.33
541.36	5799.55
541.56	6067.55
541.76	6243.96
541.96	6215.00
542.15	6318.86
542.35	6278.78
542.55	6246.30
542.75	6296.63
542.95	6137.47
543.14	5929.16
543.34	6031.27
543.54	5891.42
543.74	5738.70
543.94	5679.90
544.13	5562.87
544.33	5608.80
544.53	5655.32
544.73	5575.74
544.93	5703.59
545.12	5975.68
545.32	6168.77
545.52	6452.86
545.72	6646.83
545.91	6745.72
546.11	6730.80
546.31	6677.84
546.51	6591.53
546.71	6446.13
546.90	6167.31
547.10	5835.54
547.30	5602.95
547.50	5554.38
547.69	5459.30
547.89	5219.10
548.09	5098.27
548.29	4980.37
548.49	4885.58
548.68	4849.00
548.88	4731.10
549.08	4547.37
549.28	4437.36
549.47	4392.02
549.67	4293.42
549.87	4273.82
550.07	4174.64
550.26	4051.17
550.46	3966.62
550.66	3951.70
550.86	3954.34
551.05	3919.81
551.25	3826.19
551.45	3797.23
551.65	3703.31
551.84	3706.24
552.04	3649.19
552.24	3500.86
552.44	3454.92
552.63	3504.95
552.83	3480.96
553.03	3435.91
553.22	3504.37
553.42	3552.35
553.62	3501.73
553.82	3437.95
554.01	3296.64
554.21	3394.95
554.41	3392.31
554.61	3198.34
554.80	3092.73
555.00	3096.82
555.20	3129.30
555.39	3105.89
555.59	2944.39
555.79	2959.90
555.99	3087.75
556.18	3183.71
556.38	3131.93
556.58	3181.96
556.77	3186.64
556.97	3194.25
557.17	3260.37
557.37	3237.55
557.56	3224.09
557.76	3221.75
557.96	3295.77
558.15	3335.85
558.35	3466.63
558.55	3357.50
558.74	3328.83
558.94	3340.82
559.14	3466.92
559.33	3489.45
559.53	3487.11
559.73	3389.97
559.93	3441.76
560.12	3389.68
560.32	3316.83
560.52	3205.66
560.71	3013.73
560.91	2961.95
561.11	2924.79
561.30	2914.55
561.50	2975.99
561.70	3030.12
561.89	2995.89
562.09	3192.49
562.29	3203.02
562.48	3602.96
562.68	3636.61
562.88	3587.46
563.07	3660.01
563.27	3650.65
563.47	3503.49
563.66	3510.22
563.86	3116.72
564.06	3054.98
564.25	3085.41
564.45	2901.09
564.64	2990.62
564.84	3100.33
565.04	3095.36
565.23	3105.01
565.43	3185.47
565.63	3225.84
565.82	3260.95
566.02	3228.77
566.22	3109.40
566.41	3236.08
566.61	3203.61
566.81	3078.68
567.00	3000.57
567.20	3047.08
567.39	3056.15
567.59	3074.88
567.79	2997.93
567.98	3027.48
568.18	3138.37
568.38	3128.42
568.57	3053.52
568.77	3005.54
568.96	2928.60
569.16	2892.32
569.36	2879.74
569.55	2751.01
569.75	2846.68
569.94	2830.59
570.14	2900.80
570.34	2948.49
570.53	3077.22
570.73	3074.88
570.92	3116.42
571.12	3059.96
571.32	3119.35
571.51	3129.88
571.71	3139.54
571.90	3073.71
572.10	3070.78
572.30	3160.02
572.49	3164.40
572.69	3125.49
572.88	3040.94
573.08	2983.89
573.28	2971.60
573.47	2935.32
573.67	2871.25
573.86	2849.60
574.06	2821.81
574.26	2913.97
574.45	2920.40
574.65	2851.65
574.84	2842.00
575.04	2805.42
575.23	2785.82
575.43	2835.27
575.63	2767.98
575.82	2820.93
576.02	2857.50
576.21	3017.24
576.41	3117.89
576.60	3205.66
576.80	3201.85
576.99	3268.27
577.19	3270.90
577.39	3346.67
577.58	3212.39
577.78	3185.76
577.97	3135.44
578.17	3166.45
578.36	3102.67
578.56	3049.43
578.75	2957.27
578.95	3024.85
579.15	2978.62
579.34	3014.61
579.54	3034.21
579.73	3197.76
579.93	3211.21
580.12	3358.67
580.32	3406.94
580.51	3479.21
580.71	3456.68
580.90	3535.67
581.10	3440.59
581.29	3510.80
581.49	3418.94
581.68	3378.27
581.88	3557.32
582.07	3795.47
582.27	3719.70
582.47	3748.95
582.66	3754.22
582.86	3787.86
583.05	3808.34
583.25	3682.25
583.44	3499.39
583.64	3480.67
583.83	3477.74
584.03	3532.75
584.22	3483.01
584.42	3492.66
584.61	3432.69
584.81	3407.82
585.00	3416.01
585.20	3404.60
585.39	3378.56
585.59	3461.36
585.78	3527.48
585.98	3556.15
586.17	3545.91
586.37	3703.61
586.56	3800.44
586.76	3942.05
586.95	3944.97
587.15	3973.06
587.34	3948.19
587.54	4004.36
587.73	3860.42
587.92	3760.36
588.12	3560.54
588.31	3587.16
588.51	3523.97
588.70	3533.33
588.90	3485.94
589.09	3498.52
589.29	3447.61
589.48	3490.62
589.68	3397.29
589.87	3341.99
590.07	3289.62
590.26	3300.16
590.46	3428.01
590.65	3498.81
590.84	3509.93
591.04	3522.80
591.23	3533.92
591.43	3583.36
591.62	3516.36
591.82	3423.62
592.01	3404.31
592.21	3522.51
592.40	3553.81
592.59	3721.16
592.79	3707.12
592.98	3737.25
593.18	3661.48
593.37	3803.08
593.57	3669.37
593.76	3575.46
593.96	3420.11
594.15	3362.18
594.34	3341.70
594.54	3353.99
594.73	3208.58
594.93	3134.86
595.12	3129.59
595.32	3112.91
595.51	3124.03
595.70	3236.96
595.90	3250.13
596.09	3320.64
596.29	3311.57
596.48	3375.35
596.67	3304.54
596.87	3334.39
597.06	3217.65
597.26	3232.57
597.45	3308.93
597.65	3356.04
597.84	3240.18
598.03	3284.36
598.23	3275.29
598.42	3299.57
598.62	3261.83
598.81	3194.25
599.00	3199.51
599.20	3289.33
599.39	3285.82
599.58	3370.37
599.78	3426.25
599.97	3424.20
600.17	3379.73
600.36	3401.09
600.55	3403.43
600.75	3352.82
600.94	3226.72
601.14	3141.00
601.33	3146.85
601.52	3076.93
601.72	3022.80
601.91	2992.37
602.10	2986.52
602.30	3057.03
602.49	3025.73
602.69	3056.74
602.88	3099.75
603.07	3150.95
603.27	3186.64
603.46	3240.76
603.65	3288.75
603.85	3381.49
604.04	3337.60
604.23	3292.55
604.43	3265.63
604.62	3228.77
604.82	3168.50
605.01	3109.40
605.20	3045.91
605.40	3095.07
605.59	3040.06
605.78	3031.58
605.98	3031.58
606.17	3139.54
606.36	3090.68
606.56	3026.61
606.75	3099.45
606.94	3219.70
607.14	3214.73
607.33	3202.73
607.52	3125.49
607.72	3200.68
607.91	3397.29
608.10	3485.06
608.30	3422.45
608.49	3469.26
608.68	3551.18
608.88	3736.08
609.07	3892.31
609.26	4046.49
609.46	4049.13
609.65	4310.97
609.84	4696.87
610.03	5324.72
610.23	5680.48
610.42	6182.53
610.61	6655.61
610.81	7196.56
611.00	7616.69
611.19	7810.95
611.39	7767.95
611.58	7798.37
611.77	7667.01
611.97	7479.77
612.16	7256.83
612.35	6994.98
612.54	6781.12
612.74	6507.57
612.93	6323.25
613.12	6072.52
613.32	5818.28
613.51	5604.71
613.70	5375.04
613.89	5199.79
614.09	5069.89
614.28	5143.62
614.47	4985.93
614.67	4874.17
614.86	4669.66
615.05	4613.20
615.24	4541.52
615.44	4394.36
615.63	4012.56
615.82	3918.64
616.01	3862.76
616.21	4035.08
616.40	3942.34
616.59	3778.21
616.78	3675.23
616.98	3690.15
617.17	3657.67
617.36	3509.63
617.56	3256.86
617.75	3276.16
617.94	3381.78
618.13	3378.27
618.33	3364.23
618.52	3432.98
618.71	3430.93
618.90	3447.90
619.10	3373.00
619.29	3266.22
619.48	3296.35
619.67	3188.98
619.86	3089.80
620.06	3198.93
620.25	3240.47
620.44	3272.07
620.63	3399.34
620.83	3453.46
621.02	3555.57
621.21	3573.41
621.40	3568.15
621.60	3614.37
621.79	3598.57
621.98	3453.75
622.17	3381.20
622.36	3367.74
622.56	3331.46
622.75	3260.07
622.94	3169.67
623.13	3182.25
623.33	3326.49
623.52	3350.18
623.71	3340.82
623.90	3403.43
624.09	3334.97
624.29	3402.55
624.48	3399.92
624.67	3334.97
624.86	3314.78
625.05	3277.04
625.25	3274.41
625.44	3460.48
625.63	3426.25
625.82	3431.23
626.01	3476.87
626.21	3474.82
626.40	4264.75
626.59	4257.14
626.78	4143.04
626.97	4181.66
627.16	4258.90
627.36	4319.46
627.55	4327.65
627.74	3632.22
627.93	3567.56
628.12	3597.70
628.31	3566.98
628.51	3618.76
628.70	3527.48
628.89	3531.58
629.08	3564.93
629.27	3642.17
629.47	3728.18
629.66	3693.66
629.85	3733.45
630.04	3696.00
630.23	3906.06
630.42	3834.09
630.61	3894.65
630.81	3812.15
631.00	3825.02
631.19	3681.37
631.38	3715.89
631.57	3502.32
631.76	3523.97
631.96	3440.00
632.15	3397.00
632.34	3473.65
632.53	3374.47
632.72	3401.09
632.91	3442.93
633.10	3447.02
633.29	3370.96
633.49	3363.93
633.68	3317.42
633.87	3323.56
634.06	3210.63
634.25	3196.88
634.44	3071.66
634.63	3106.77
634.83	3201.56
635.02	3102.09
635.21	3081.02
635.40	3049.43
635.59	2964.00
635.78	3099.45
635.97	3025.43
636.16	2973.65
636.35	3007.59
636.55	3079.85
636.74	3106.18
636.93	3147.14
637.12	3076.93
637.31	3148.90
637.50	3046.79
637.69	3061.71
637.88	3009.93
638.07	2944.10
638.26	2923.91
638.46	2974.24
638.65	2948.49
638.84	2941.47
639.03	2959.31
639.22	2997.64
639.41	3114.67
639.60	3114.38
639.79	3006.42
639.98	3067.56
640.17	3096.24
640.36	2980.67
640.56	2992.08
640.75	2955.51
640.94	2938.54
641.13	2977.45
641.32	2929.77
641.51	2993.55
641.70	3040.36
641.89	3036.26
642.08	3009.64
642.27	2996.76
642.46	3138.95
642.65	3236.67
642.84	3283.48
643.03	3303.08
643.22	3376.81
643.42	3419.52
643.61	3483.89
643.80	3361.30
643.99	3208.29
644.18	3181.08
644.37	3134.86
644.56	3043.28
644.75	3035.09
644.94	2983.60
645.13	2905.48
645.32	2973.07
645.51	2886.17
645.70	3010.51
645.89	3094.19
646.08	3062.88
646.27	3154.75
646.46	3187.81
646.65	3314.20
646.84	3369.20
647.03	3232.86
647.22	3182.84
647.41	3201.27
647.60	3096.53
647.79	3149.19
647.98	3086.29
648.17	3132.22
648.36	3210.34
648.56	3189.57
648.75	3256.27
648.94	3397.58
649.13	3460.48
649.32	3384.41
649.51	3311.57
649.70	3271.78
649.89	3243.69
650.08	3131.64
650.27	3082.78
650.46	2963.12
650.65	3103.55
650.84	3085.41
651.03	3114.38
651.22	3197.76
651.41	3244.28
651.60	3272.65
651.79	3328.24
651.98	3215.90
652.17	3215.90
652.36	3175.23
652.55	3228.77
652.74	3177.28
652.92	3071.08
653.11	2987.40
653.30	3090.97
653.49	3147.73
653.68	3202.44
653.87	3021.34
654.06	3039.19
654.25	3119.35
654.44	3158.55
654.63	2990.33
654.82	2938.54
655.01	3013.44
655.20	3126.37
655.39	3177.86
655.58	3248.37
655.77	3322.98
655.96	3398.17
656.15	3444.68
656.34	3432.98
656.53	3428.88
656.72	3458.14
656.91	3297.23
657.10	3366.86
657.29	3349.89
657.48	3341.41
657.67	3308.35
657.86	3346.09
658.04	3310.40
658.23	3344.92
658.42	3232.28
658.61	3272.07
658.80	3266.80
658.99	3145.68
659.18	3024.56
659.37	2941.47
659.56	2935.32
659.75	2903.73
659.94	2782.60
660.13	2771.19
660.32	2861.01
660.51	2933.57
660.69	2948.20
660.88	2927.13
661.07	2910.75
661.26	2970.72
661.45	2902.85
661.64	2892.61
661.83	2940.01
662.02	2971.02
662.21	3250.71
662.40	3228.18
662.59	3258.90
662.78	3325.61
662.96	3299.86
663.15	3235.50
663.34	3268.27
663.53	2997.64
663.72	3043.57
663.91	3029.53
664.10	3066.69
664.29	3079.56
664.48	2997.64
664.66	2945.56
664.85	3019.00
665.04	3091.26
665.23	3058.20
665.42	2986.23
665.61	2958.44
665.80	3018.12
665.99	3084.83
666.18	3168.50
666.36	3071.37
666.55	3220.87
666.74	3251.59
666.93	3264.75
667.12	3350.48
667.31	3455.51
667.50	3420.99
667.69	3484.18
667.87	3396.12
668.06	3450.83
668.25	3491.49
668.44	3397.29
668.63	3246.03
668.82	3152.12
669.01	3084.53
669.19	3099.75
669.38	2999.98
669.57	2964.87
669.76	2959.02
669.95	3012.56
670.14	3061.42
670.32	3161.19
670.51	3190.74
670.70	3191.03
670.89	3160.02
671.08	3133.39
671.27	3165.57
671.46	3143.63
671.64	3077.80
671.83	3020.46
672.02	3057.91
672.21	3224.97
672.40	3334.68
672.59	3309.52
672.77	3346.97
672.96	3312.15
673.15	3386.46
673.34	3410.45
673.53	3200.68
673.71	3138.95
673.90	3142.46
674.09	3060.25
674.28	3121.69
674.47	3021.05
674.66	3006.13
674.84	3070.78
675.03	3117.30
675.22	3165.87
675.41	3187.22
675.60	3186.93
675.78	3189.57
675.97	3235.21
676.16	3265.93
676.35	3257.15
676.54	3166.74
676.72	3130.17
676.91	3270.31
677.10	3255.98
677.29	3234.04
677.47	3184.88
677.66	3090.38
677.85	3238.13
678.04	3291.96
678.23	3059.67
678.41	3054.98
678.60	3064.05
678.79	3065.22
678.98	3064.05
679.17	2926.55
679.35	2985.06
679.54	3030.12
679.73	3214.43
679.92	3203.90
680.10	3171.43
680.29	3201.85
680.48	3303.08
680.67	3175.52
680.85	3213.85
681.04	3073.42
681.23	2986.52
681.42	3211.22
681.60	3332.92
681.79	3186.93
681.98	3219.11
682.17	3161.48
682.35	3129.30
682.54	3159.43
682.73	3029.24
682.92	2945.56
683.10	3008.17
683.29	3024.56
683.48	3019.00
683.67	3093.31
683.85	3117.30
684.04	3136.32
684.23	3127.83
684.42	3144.22
684.60	3126.08
684.79	3180.50
684.98	3086.87
685.16	3092.73
685.35	3044.45
685.54	3024.56
685.73	2983.01
685.91	3155.92
686.10	3291.96
686.29	3310.98
686.48	3284.65
686.66	3310.69
686.85	3313.61
687.04	3369.20
687.22	3248.66
687.41	3254.51
687.60	3283.48
687.78	3291.38
687.97	3237.25
688.16	3279.97
688.35	3242.23
688.53	3186.64
688.72	3028.95
688.91	3020.17
689.09	3069.61
689.28	3061.13
689.47	3080.73
689.65	3091.56
689.84	3128.71
690.03	3147.73
690.22	3111.16
690.40	3143.05
690.59	3225.55
690.78	3194.54
690.96	3126.66
691.15	3090.09
691.34	3059.08
691.52	3128.13
691.71	3018.12
691.90	3041.53
692.08	3002.03
692.27	2980.67
692.46	3024.85
692.64	3084.53
692.83	3073.12
693.02	3133.68
693.20	3139.83
693.39	3231.40
693.58	3266.80
693.76	3322.98
693.95	3265.63
694.14	3245.45
694.32	3327.66
694.51	3302.20
694.70	3412.21
694.88	3934.15
695.07	4739.29
695.25	6037.70
695.44	7732.84
695.63	9784.61
695.81	11979.15
696.00	13989.09
696.19	15526.82
696.37	16541.44
696.56	16896.62
696.75	16740.68
696.93	15998.15
697.12	14916.23
697.30	13803.89
697.49	12723.44
697.68	11654.99
697.86	10704.15
698.05	9700.06
698.24	8670.81
698.42	7777.89
698.61	6928.28
698.79	6100.31
698.98	5426.24
699.17	4724.66
699.35	4254.22
699.54	4437.07
699.72	4180.20
699.91	3900.50
700.10	3797.23
700.28	3725.26
700.47	3752.76
700.65	3625.20
700.84	3093.31
701.03	3074.88
701.21	3057.03
701.40	3138.07
701.58	3107.65
701.77	3180.50
701.96	3204.19
702.14	3406.36
702.33	3479.50
702.51	3586.58
702.70	3522.80
702.89	3459.02
703.07	3425.37
703.26	3440.88
703.44	3176.98
703.63	3160.31
703.81	3350.18
704.00	3399.63
704.19	3505.24
704.37	3424.20
704.56	3523.09
704.74	3612.03
704.93	3735.20
705.11	3904.31
705.30	4583.65
705.49	5587.44
705.67	7035.94
705.86	8614.34
706.04	10357.75
706.23	12041.18
706.41	13318.53
706.60	13935.55
706.78	14193.30
706.97	14166.38
707.16	13552.29
707.34	12763.23
707.53	11796.59
707.71	10881.44
707.90	10198.88
708.08	9382.92
708.27	8565.78
708.45	7841.09
708.64	7008.15
708.82	6241.62
709.01	5610.26
709.19	4989.73
709.38	4476.57
709.56	3901.97
709.75	3627.25
709.94	3525.43
710.12	3434.15
710.31	3466.92
710.49	3355.74
710.68	3417.18
710.86	3519.87
711.05	3530.41
711.23	3434.74
711.42	3467.21
711.60	3270.02
711.79	3410.16
711.97	3354.28
712.16	3321.81
712.34	3269.14
712.53	3367.45
712.71	3413.96
712.90	3495.59
713.08	3522.80
713.27	3555.86
713.45	3822.97
713.64	4078.38
713.82	4265.92
714.01	4404.30
714.19	4673.17
714.38	4751.58
714.56	4965.74
714.75	4968.08
714.93	5500.26
715.12	5367.43
715.30	5190.14
715.49	4974.52
715.67	4944.38
715.85	4772.64
716.04	4531.57
716.22	3757.44
716.41	3698.63
716.59	3719.99
716.78	3565.22
716.96	3391.14
717.15	3275.29
717.33	3230.52
717.52	3196.29
717.70	3093.90
717.89	3059.08
718.07	3133.68
718.25	4023.09
718.44	4052.35
718.62	4109.10
718.81	4179.03
718.99	4276.45
719.18	4201.55
719.36	4173.47
719.55	3298.69
719.73	3287.57
719.92	3194.54
720.10	3245.45
720.28	3217.36
720.47	3152.41
720.65	3140.12
720.84	3133.68
721.02	3086.58
721.21	2999.40
721.39	3020.17
721.57	2964.58
721.76	3105.31
721.94	3099.75
722.13	3049.13
722.31	3056.74
722.50	3169.09
722.68	3049.43
722.86	3032.16
723.05	3121.69
723.23	3244.86
723.42	3285.53
723.60	3371.54
723.78	3343.16
723.97	3364.23
724.15	3338.48
724.34	3186.35
724.52	3034.80
724.70	3022.51
724.89	2961.66
725.07	2903.14
725.26	2890.56
725.44	2948.20
725.62	3002.03
725.81	3394.07
725.99	3686.64
726.18	4080.72
726.36	4567.85
726.54	5112.61
726.73	5691.01
726.91	6192.47
727.10	6298.09
727.28	6501.72
727.46	6527.75
727.65	6422.72
727.83	6223.19
728.01	5905.76
728.20	5693.35
728.38	5457.84
728.57	5156.79
728.75	4876.21
728.93	4649.47
729.12	4344.91
729.30	4094.18
729.48	3737.25
729.67	3545.03
729.85	3343.16
730.03	3178.45
730.22	3079.27
730.40	3018.41
730.58	3057.32
730.77	3116.42
730.95	3041.82
731.13	3045.33
731.32	3163.53
731.50	3097.70
731.69	3073.71
731.87	3025.73
732.05	2983.01
732.24	3112.03
732.42	3092.73
732.60	3003.49
732.79	3039.19
732.97	3084.83
733.15	3036.55
733.34	3003.79
733.52	2894.66
733.70	2875.93
733.89	2859.26
734.07	2867.45
734.25	2840.53
734.43	2996.47
734.62	3025.73
734.80	3065.81
734.98	3131.34
735.17	3163.82
735.35	3236.67
735.53	3314.78
735.72	3244.57
735.90	3339.07
736.08	3415.43
736.27	3497.05
736.45	3576.34
736.63	3739.88
736.81	4329.70
737.00	5309.21
737.18	6695.10
737.36	8603.81
737.55	10924.16
737.73	13466.56
737.91	15884.63
738.10	17668.41
738.28	18788.36
738.46	19315.56
738.64	19150.26
738.83	18346.29
739.01	17274.91
739.19	15843.38
739.38	14423.55
739.56	13094.71
739.74	11727.55
739.92	10390.52
740.11	9145.94
740.29	8013.41
740.47	7063.74
740.65	6208.56
740.84	5460.76
741.02	4872.41
741.20	4521.62
741.38	4283.47
741.57	3960.19
741.75	3770.31
741.93	3655.62
742.11	3724.08
742.30	3642.17
742.48	3496.76
742.66	3472.18
742.84	3375.93
743.03	3317.71
743.21	3287.57
743.39	3158.85
743.57	3204.78
743.76	3291.38
743.94	3179.62
744.12	3148.61
744.30	3262.71
744.49	3308.93
744.67	3334.68
744.85	3289.33
745.03	3269.73
745.22	3304.25
745.40	3362.76
745.58	3223.50
745.76	3247.79
745.94	3253.34
746.13	3313.61
746.31	3231.69
746.49	3211.80
746.67	3315.66
746.86	3366.28
747.04	3268.27
747.22	3280.26
747.40	3261.54
747.58	3272.65
747.77	3286.11
747.95	3155.33
748.13	3123.15
748.31	3154.16
748.49	3190.15
748.68	3525.14
748.86	4388.80
749.04	5768.54
749.22	7730.79
749.40	10366.53
749.59	13580.67
749.77	17241.26
749.95	21093.49
750.13	24590.25
750.31	27678.88
750.49	30415.85
750.68	32490.73
750.86	33890.37
751.04	34467.90
751.22	34063.57
751.40	32957.08
751.59	31322.80
751.77	28996.90
751.95	26323.13
752.13	23448.66
752.31	20473.25
752.49	17769.93
752.68	15362.40
752.86	13149.42
753.04	11303.32
753.22	9683.38
753.40	8305.10
753.58	7283.16
753.76	6397.27
753.95	5652.39
754.13	5174.05
754.31	4797.81
754.49	4380.61
754.67	4027.77
754.85	3825.90
755.04	3654.16
755.22	3677.86
755.40	3517.24
755.58	3383.24
755.76	3451.71
755.94	3391.73
756.12	3328.24
756.30	3263.29
756.49	3213.56
756.67	3335.26
756.85	3316.25
757.03	3236.08
757.21	3242.52
757.39	3206.24
757.57	3253.34
757.75	3147.73
757.94	3014.02
758.12	3002.03
758.30	3074.00
758.48	3184.01
758.66	3214.43
758.84	3172.89
759.02	3268.56
759.20	3293.72
759.38	3251.30
759.57	3244.86
759.75	3216.77
759.93	3145.39
760.11	3435.91
760.29	3387.93
760.47	3443.22
760.65	3531.58
760.83	3449.66
761.01	3447.90
761.19	3511.39
761.38	3285.53
761.56	3458.43
761.74	3901.38
761.92	5390.55
762.10	8160.57
762.28	12175.76
762.46	17871.16
762.64	24784.81
762.82	32288.57
763.00	39897.06
763.18	46187.55
763.36	50599.46
763.54	52798.68
763.73	52375.63
763.91	49759.50
764.09	45648.64
764.27	40380.38
764.45	34807.28
764.63	29430.77
764.81	24674.81
764.99	20694.14
765.17	17454.25
765.35	14919.74
765.53	12932.04
765.71	11322.05
765.89	9953.13
766.07	8744.53
766.25	7590.65
766.43	6643.03
766.61	5660.88
766.79	4874.75
766.98	4274.40
767.16	3892.31
767.34	3636.61
767.52	3558.49
767.70	3416.30
767.88	3363.06
768.06	3276.75
768.24	3223.50
768.42	3176.40
768.60	3148.31
768.78	3003.49
768.96	2975.70
769.14	3026.90
769.32	2992.67
769.50	3026.31
769.68	3025.43
769.86	3060.25
770.04	3186.64
770.22	3253.05
770.40	3259.20
770.58	3464.87
770.76	3859.25
770.94	4880.31
771.12	6432.38
771.30	8759.75
771.48	11687.76
771.66	15211.14
771.84	18906.55
772.02	22232.16
772.20	24559.53
772.38	25827.52
772.56	25892.18
772.74	24900.37
772.92	22853.58
773.10	20171.32
773.28	17325.23
773.46	14766.44
773.64	12643.57
773.82	10738.67
774.00	9253.02
774.18	8239.27
774.36	7467.48
774.54	6882.05
774.72	6329.98
774.90	5760.64
775.08	5330.86
775.26	4913.95
775.44	4475.98
775.62	4139.53
775.80	3906.06
775.97	3722.33
776.15	3563.47
776.33	3370.37
776.51	3309.81
776.69	3255.98
776.87	3216.19
777.05	3201.85
777.23	3220.58
777.41	3204.78
777.59	3286.99
777.77	3231.11
777.95	3169.96
778.13	3086.00
778.31	3145.68
778.49	3135.73
778.67	3147.14
778.85	3174.06
779.03	3170.84
779.21	3171.72
779.38	3189.27
779.56	3080.44
779.74	3150.95
779.92	3194.83
780.10	3119.64
780.28	3133.98
780.46	3226.43
780.64	3339.65
780.82	3291.96
781.00	3239.89
781.18	3155.92
781.36	3149.78
781.53	3124.62
781.71	3044.45
781.89	2956.97
782.07	2997.06
782.25	2952.59
782.43	2913.97
782.61	2985.65
782.79	3048.55
782.97	3057.62
783.15	3177.86
783.33	3150.07
783.50	3108.82
783.68	3884.41
783.86	3824.73
784.04	3768.85
784.22	3810.98
784.40	3742.81
784.58	3842.28
784.76	3868.32
784.94	3146.27
785.11	3144.51
785.29	3201.27
785.47	3146.56
785.65	3064.93
785.83	2955.80
786.01	2935.03
786.19	2923.91
786.37	2959.02
786.54	2933.57
786.72	2946.73
786.90	2971.02
787.08	3022.80
787.26	3082.19
787.44	3053.52
787.62	3028.95
787.79	3023.09
787.97	3081.32
788.15	3045.04
788.33	3013.44
788.51	2964.58
788.69	2984.77
788.87	3018.12
789.04	3011.39
789.22	2998.81
789.40	3059.37
789.58	3051.18
789.76	2984.48
789.94	2990.33
790.11	2929.77
790.29	2966.04
790.47	2915.43
790.65	2968.97
790.83	2945.27
791.01	3020.46
791.18	3033.63
791.36	3094.19
791.54	3139.83
791.72	3162.94
791.90	3130.17
792.07	3241.35
792.25	3379.15
792.43	3346.09
792.61	3418.06
792.79	3419.82
792.97	3524.55
793.14	3686.05
793.32	4076.34
793.50	4868.02
793.68	6220.56
793.86	7854.84
794.03	9918.90
794.21	12056.68
794.39	14138.01
794.57	15746.54
794.75	16379.95
794.92	16460.11
795.10	15677.49
795.28	14345.73
795.46	12761.48
795.64	11032.99
795.81	9477.71
795.99	8378.53
796.17	7422.72
796.35	6787.26
796.52	6392.30
796.70	6018.10
796.88	5705.06
797.06	5436.77
797.24	5194.82
797.41	4864.22
797.59	4657.67
797.77	4386.75
797.95	4174.93
798.12	4026.01
798.30	3862.18
798.48	3649.77
798.66	3586.58
798.83	3570.19
799.01	3668.50
799.19	4182.24
799.37	4892.01
799.54	5902.54
799.72	7311.54
799.90	9099.13
800.08	11432.35
800.25	13903.37
800.43	16249.17
800.61	18560.74
800.79	20680.68
800.96	22380.20
801.14	23407.11
801.32	23359.42
801.50	22609.87
801.67	21276.35
801.85	19470.62
802.03	17379.36
802.21	15361.23
802.38	13305.95
802.56	11783.13
802.74	10587.41
802.91	9577.18
803.09	8842.84
803.27	8211.77
803.45	7614.35
803.62	7351.04
803.80	6843.43
803.98	6338.17
804.15	6049.11
804.33	5821.79
804.51	5468.08
804.69	4961.06
804.86	4438.24
805.04	4097.40
805.22	3885.29
805.39	3650.36
805.57	3319.17
805.75	3298.69
805.92	3282.02
806.10	3242.52
806.28	3363.35
806.45	3305.42
806.63	3197.76
806.81	3298.99
806.99	3177.86
807.16	3245.74
807.34	3300.74
807.52	3191.32
807.69	3308.35
807.87	3366.28
808.05	3406.36
808.22	3393.78
808.40	3501.44
808.58	3542.69
808.75	3930.34
808.93	4500.27
809.11	5544.44
809.28	6906.92
809.46	8861.27
809.64	10980.92
809.81	13544.10
809.99	16344.25
810.17	19408.60
810.34	22777.22
810.52	26451.27
810.70	30156.92
810.87	33866.67
811.05	37156.30
811.22	39218.31
811.40	39875.71
811.58	38922.23
811.75	36646.35
811.93	33486.63
812.11	29613.92
812.28	25590.54
812.46	22030.58
812.64	19138.27
812.81	17030.03
812.99	15321.44
813.16	13999.33
813.34	12867.97
813.52	11893.43
813.69	11035.63
813.87	10265.30
814.05	9512.23
814.22	8750.97
814.40	8022.19
814.57	7298.38
814.75	6545.60
814.93	5865.09
815.10	5186.04
815.28	4667.61
815.46	4253.92
815.63	3865.39
815.81	3603.84
815.98	3454.63
816.16	3361.89
816.34	3336.43
816.51	3257.15
816.69	3196.00
816.86	3132.22
817.04	3091.26
817.21	3063.76
817.39	2998.81
817.57	2956.10
817.74	2926.55
817.92	2967.51
818.09	3016.07
818.27	3055.28
818.45	3065.22
818.62	3065.22
818.80	3074.29
818.97	3089.80
819.15	3046.79
819.32	3058.20
819.50	3052.06
819.68	3133.39
819.85	3144.80
820.03	3141.00
820.20	3255.39
820.38	3319.17
820.55	3370.96
820.73	3351.06
820.91	3400.80
821.08	3413.96
821.26	3476.87
821.43	3500.27
821.61	3542.11
821.78	3392.31
821.96	3384.41
822.13	3256.27
822.31	3177.28
822.48	3172.60
822.66	3002.32
822.84	2923.91
823.01	3000.57
823.19	3154.16
823.36	3162.94
823.54	3156.80
823.71	3115.84
823.89	3151.53
824.06	3169.96
824.24	3240.47
824.41	3089.80
824.59	3086.58
824.76	3199.51
824.94	3397.00
825.11	3844.92
825.29	4467.79
825.46	5297.51
825.64	6382.35
825.81	7505.51
825.99	8632.77
826.16	9518.67
826.34	9909.24
826.52	9978.58
826.69	9653.83
826.87	9120.48
827.04	8410.13
827.22	7646.53
827.39	6936.18
827.57	6410.14
827.74	5943.79
827.91	5674.04
828.09	5389.08
828.26	5176.39
828.44	4956.67
828.61	4822.67
828.79	4744.85
828.96	4689.85
829.14	4553.22
829.31	4429.76
829.49	4334.09
829.66	4214.43
829.84	4080.72
830.01	3931.81
830.19	3800.74
830.36	3618.18
830.54	3583.07
830.71	3481.25
830.89	3412.50
831.06	3293.43
831.24	3208.29
831.41	3204.19
831.58	3165.87
831.76	3130.47
831.93	3045.62
832.11	3007.30
832.28	3029.82
832.46	3105.89
832.63	3040.94
832.81	3023.97
832.98	3014.32
833.16	3081.02
833.33	3059.67
833.50	3077.51
833.68	2986.23
833.85	3042.70
834.03	3133.39
834.20	3122.27
834.38	3167.33
834.55	3170.84
834.72	3251.59
834.90	3292.84
835.07	3310.69
835.25	3387.63
835.42	3477.16
835.60	3431.52
835.77	3443.51
835.94	3332.63
836.12	3310.98
836.29	3241.93
836.47	3150.95
836.64	2990.91
836.81	2962.24
836.99	2931.81
837.16	2985.94
837.34	2932.11
837.51	2965.75
837.68	2918.65
837.86	2908.41
838.03	2912.21
838.21	3007.59
838.38	2955.22
838.55	3007.00
838.73	2950.54
838.90	2941.76
839.08	3038.60
839.25	3244.28
839.42	3599.74
839.60	4269.43
839.77	5241.34
839.95	6433.84
840.12	7756.24
840.29	9133.65
840.47	10331.12
840.64	11229.01
840.81	11734.86
840.99	12032.69
841.16	12325.55
841.34	12772.30
841.51	13333.74
841.68	14073.35
841.86	15051.99
842.03	16142.09
842.20	16941.68
842.38	17273.45
842.55	17094.69
842.72	16529.16
842.90	15736.59
843.07	14621.91
843.24	13405.13
843.42	12262.65
843.59	11327.32
843.77	10517.49
843.94	9863.31
844.11	9226.10
844.29	8627.80
844.46	8086.84
844.63	7568.12
844.81	7093.58
844.98	6743.96
845.15	6291.07
845.33	5972.46
845.50	5679.31
845.67	5395.23
845.85	5118.75
846.02	4809.80
846.19	4523.67
846.37	4263.87
846.54	3861.01
846.71	3646.85
846.88	3522.51
847.06	3344.92
847.23	3298.40
847.40	3115.84
847.58	3235.21
847.75	3259.49
847.92	3211.22
848.10	3085.70
848.27	3121.10
848.44	3082.78
848.62	3184.01
848.79	3116.13
848.96	3098.28
849.13	3084.24
849.31	3105.60
849.48	3122.27
849.65	3125.49
849.83	3089.21
850.00	3032.75
850.17	3116.72
850.34	3154.16
850.52	3513.73
850.69	3580.43
850.86	3775.87
851.04	4149.18
851.21	4523.09
851.38	5042.68
851.55	5599.73
851.73	5883.52
851.90	6384.40
852.07	6791.94
852.24	6948.47
852.42	6946.42
852.59	6796.92
852.76	6498.79
852.93	6202.13
853.11	5855.73
853.28	5504.94
853.45	5251.58
853.62	4971.01
853.80	4707.70
853.97	4711.50
854.14	4553.51
854.31	4494.71
854.49	4356.03
854.66	4198.04
854.83	4186.63
855.00	4124.02
855.18	3944.68
855.35	3961.94
855.52	3944.68
855.69	3879.15
855.87	3809.22
856.04	3719.11
856.21	3658.26
856.38	3495.30
856.56	3281.14
856.73	3107.65
856.90	3255.39
857.07	3203.90
857.24	3196.59
857.42	3083.07
857.59	3224.09
857.76	3250.13
857.93	3238.13
858.10	3215.90
858.28	3284.65
858.45	3193.95
858.62	3277.63
858.79	3169.96
858.96	3144.80
859.14	3207.12
859.31	3064.64
859.48	2968.38
859.65	3060.25
859.82	3045.91
860.00	3039.77
860.17	3074.59
860.34	3005.83
860.51	2934.45
860.68	2953.46
860.86	2905.48
861.03	2859.55
861.20	2868.03
861.37	2820.05
861.54	2854.58
861.71	2871.84
861.89	2877.40
862.06	2869.20
862.23	3031.87
862.40	3055.28
862.57	3312.15
862.74	3337.60
862.92	3350.77
863.09	3366.86
863.26	3407.82
863.43	3352.23
863.60	3283.48
863.77	2996.18
863.95	2966.92
864.12	2955.51
864.29	2998.52
864.46	2940.59
864.63	2929.77
864.80	2951.12
864.97	2989.16
865.15	2989.45
865.32	2971.60
865.49	2914.55
865.66	2959.90
865.83	2911.04
866.00	3006.42
866.17	3124.32
866.35	3241.64
866.52	3401.68
866.69	3532.45
866.86	3653.58
867.03	3740.18
867.20	3660.60
867.37	3615.84
867.54	3580.43
867.72	3447.61
867.89	3454.05
868.06	3308.64
868.23	3243.40
868.40	3247.20
868.57	3188.10
868.74	3090.09
868.91	3127.54
869.08	2991.79
869.26	3064.05
869.43	3020.17
869.60	2989.16
869.77	3021.34
869.94	3084.53
870.11	3037.43
870.28	3035.67
870.45	2961.36
870.62	2935.91
870.79	2951.71
870.96	2939.42
871.14	2913.38
871.31	2910.46
871.48	2922.45
871.65	2935.03
871.82	3044.16
871.99	3030.70
872.16	3000.86
872.33	2973.94
872.50	2998.23
872.67	3027.19
872.84	2988.28
873.01	2851.94
873.18	2844.34
873.35	2803.38
873.53	2770.02
873.70	2833.51
873.87	2744.57
874.04	2802.79
874.21	2819.47
874.38	2885.00
874.55	2971.60
874.72	3067.86
874.89	2953.76
875.06	3023.39
875.23	2954.63
875.40	2992.67
875.57	2925.38
875.74	2945.86
875.91	2878.57
876.08	2945.86
876.25	2867.74
876.42	2894.66
876.59	2833.22
876.76	2974.53
876.93	2854.28
877.10	2832.63
877.27	2796.65
877.44	2845.51
877.61	2845.21
877.79	2946.44
877.96	2796.36
878.13	2923.33
878.30	2887.93
878.47	2881.49
878.64	2966.63
878.81	2962.53
878.98	2882.66
879.15	3028.95
879.32	2957.56
879.49	2967.80
879.66	3043.57
879.83	2934.45
880.00	2987.11
880.17	3077.22
880.34	2959.61
880.51	3017.54
880.68	3102.38
880.85	3082.19
881.02	3215.31
881.19	3191.61
881.36	3091.85
881.53	3191.32
881.69	3137.78
881.86	3139.24
882.03	3096.53
882.20	2978.62
882.37	3045.04
882.54	3195.12
882.71	3095.36
882.88	3142.46
883.05	3061.42
883.22	3075.46
883.39	3045.04
883.56	2945.56
883.73	2889.98
883.90	2996.76
884.07	2938.25
884.24	3053.52
884.41	3014.90
884.58	3037.43
884.75	3209.46
884.92	3186.64
885.09	3088.92
885.26	3145.68
885.43	3177.57
885.60	3248.96
885.77	3288.45
885.93	3175.52
886.10	3136.32
886.27	3231.11
886.44	3229.65
886.61	3084.53
886.78	3154.46
886.95	3075.46
887.12	3044.45
887.29	3074.29
887.46	2990.62
887.63	2972.77
887.80	3008.17
887.97	2967.21
888.14	2959.02
888.30	2936.79
888.47	2906.65
888.64	2893.49
888.81	2953.17
888.98	2907.24
889.15	2936.49
889.32	3058.50
889.49	3031.87
889.66	3105.60
889.83	3138.37
890.00	3091.56
890.16	3171.43
890.33	3085.41
890.50	3109.11
890.67	3162.65
890.84	3170.55
891.01	3161.77
891.18	3126.37
891.35	3344.33
891.52	2996.18
891.68	2971.60
