175.94	1269.74
176.16	1269.74
176.38	1269.74
176.61	1251.31
176.83	1261.55
177.05	1276.07
177.27	1277.19
177.49	1279.24
177.71	1279.24
177.93	1283.70
178.15	1285.94
178.37	1287.61
178.59	1285.75
178.81	1290.22
179.03	1290.22
179.25	1292.83
179.47	1294.69
179.69	1294.13
179.91	1292.08
180.13	1295.62
180.35	1294.69
180.58	1297.30
180.80	1288.36
181.02	1298.78
181.24	1291.34
181.46	1298.78
181.68	1291.52
181.90	1297.30
182.12	1305.11
182.34	1308.47
182.56	1306.98
182.78	1304.00
183.00	1303.81
183.22	1313.49
183.44	1303.63
183.66	1304.93
183.88	1294.50
184.10	1295.06
184.32	1287.24
184.54	1280.91
184.76	1276.44
184.98	1272.35
185.20	1276.26
185.42	1276.63
185.64	1279.05
185.86	1282.77
186.08	1280.73
186.30	1284.63
186.52	1290.78
186.74	1294.50
186.96	1294.50
187.18	1297.85
187.40	1302.88
187.62	1302.69
187.84	1303.63
188.06	1300.65
188.28	1302.14
188.50	1306.60
188.72	1306.23
188.94	1292.45
189.16	1292.08
189.38	1294.32
189.60	1290.22
189.82	1286.31
190.04	1285.38
190.26	1281.47
190.48	1270.49
190.70	1272.72
190.92	1269.00
191.14	1267.69
191.36	1276.26
191.58	1272.72
191.80	1266.95
192.02	1271.60
192.24	1274.77
192.46	1274.40
192.68	1274.77
192.90	1285.38
193.12	1282.96
193.34	1288.36
193.56	1293.01
193.78	1297.30
194.00	1295.62
194.22	1300.83
194.44	1295.43
194.66	1297.67
194.88	1303.07
195.10	1305.30
195.32	1301.20
195.54	1303.63
195.76	1297.48
195.98	1295.25
196.20	1288.73
196.42	1289.10
196.64	1288.92
196.86	1291.34
197.08	1284.26
197.30	1282.77
197.51	1278.68
197.73	1276.63
197.95	1279.61
198.17	1287.43
198.39	1291.71
198.61	1292.45
198.83	1296.74
199.05	1291.52
199.27	1296.92
199.49	1300.27
199.71	1293.39
199.93	1296.92
200.15	1295.99
200.37	1294.13
200.59	1286.68
200.81	1285.94
201.03	1285.57
201.25	1283.89
201.46	1287.61
201.68	1285.38
201.90	1290.22
202.12	1299.34
202.34	1296.36
202.56	1297.85
202.78	1291.52
203.00	1290.59
203.22	1286.12
203.44	1284.82
203.66	1288.36
203.88	1291.34
204.10	1291.15
204.31	1285.94
204.53	1285.94
204.75	1289.29
204.97	1290.97
205.19	1298.78
205.41	1297.11
205.63	1302.51
205.85	1305.30
206.07	1308.84
206.29	1306.42
206.51	1303.44
206.73	1304.00
206.94	1293.57
207.16	1291.34
207.38	1290.22
207.60	1283.52
207.82	1289.29
208.04	1285.94
208.26	1286.68
208.48	1283.70
208.70	1281.10
208.91	1279.24
209.13	1282.21
209.35	1288.36
209.57	1291.90
209.79	1294.13
210.01	1303.81
210.23	1304.56
210.45	1305.86
210.67	1304.00
210.88	1295.62
211.10	1301.20
211.32	1302.88
211.54	1305.67
211.76	1304.56
211.98	1303.81
212.20	1301.58
212.42	1291.15
212.63	1286.68
212.85	1282.03
213.07	1286.87
213.29	1295.62
213.51	1283.89
213.73	1287.61
213.95	1281.47
214.17	1280.17
214.38	1282.21
214.60	1279.61
214.82	1286.12
215.04	1291.15
215.26	1287.99
215.48	1281.10
215.70	1271.97
215.91	1281.84
216.13	1279.61
216.35	1282.96
216.57	1285.19
216.79	1279.79
217.01	1282.03
217.23	1281.84
217.44	1283.89
217.66	1290.41
217.88	1293.76
218.10	1301.95
218.32	1303.07
218.54	1304.00
218.75	1304.56
218.97	1308.47
219.19	1307.35
219.41	1314.42
219.63	1315.35
219.85	1313.49
220.06	1309.21
220.28	1305.49
220.50	1303.44
220.72	1306.42
220.94	1306.98
221.16	1306.60
221.37	1303.07
221.59	1306.23
221.81	1294.50
222.03	1289.48
222.25	1285.75
222.46	1290.59
222.68	1291.34
222.90	1291.71
223.12	1281.84
223.34	1282.96
223.56	1279.42
223.77	1279.79
223.99	1284.45
224.21	1290.97
224.43	1292.08
224.65	1295.99
224.86	1294.32
225.08	1290.03
225.30	1286.68
225.52	1292.27
225.74	1288.17
225.95	1288.36
226.17	1287.06
226.39	1283.70
226.61	1288.36
226.83	1287.06
227.04	1284.45
227.26	1285.01
227.48	1291.90
227.70	1295.99
227.92	1293.01
228.13	1298.60
228.35	1302.14
228.57	1298.60
228.79	1298.04
229.00	1293.01
229.22	1294.32
229.44	1294.13
229.66	1297.11
229.88	1302.88
230.09	1298.23
230.31	1301.58
230.53	1294.13
230.75	1296.18
230.96	1302.14
231.18	1301.20
231.40	1300.65
231.62	1296.92
231.84	1298.41
232.05	1292.83
232.27	1286.12
232.49	1287.99
232.71	1280.91
232.92	1287.24
233.14	1279.05
233.36	1273.84
233.58	1276.44
233.79	1280.73
234.01	1282.03
234.23	1279.98
234.45	1277.00
234.66	1276.26
234.88	1281.47
235.10	1285.19
235.32	1287.43
235.53	1296.74
235.75	1294.13
235.97	1294.87
236.19	1293.01
236.40	1298.60
236.62	1298.97
236.84	1306.23
237.06	1312.93
237.27	1311.07
237.49	1312.38
237.71	1301.20
237.92	1300.83
238.14	1308.84
238.36	1304.37
238.58	1298.97
238.79	1298.41
239.01	1298.97
239.23	1293.20
239.45	1284.63
239.66	1281.10
239.88	1281.47
240.10	1288.17
240.31	1283.70
240.53	1281.66
240.75	1285.19
240.97	1293.20
241.18	1291.34
241.40	1292.45
241.62	1294.87
241.83	1297.30
242.05	1295.99
242.27	1293.57
242.49	1293.76
242.70	1292.27
242.92	1293.20
243.14	1291.90
243.35	1287.80
243.57	1284.82
243.79	1288.54
244.00	1289.48
244.22	1296.18
244.44	1301.95
244.66	1299.16
244.87	1295.06
245.09	1291.71
245.31	1295.06
245.52	1298.41
245.74	1295.43
245.96	1298.78
246.17	1293.94
246.39	1298.60
246.61	1295.81
246.82	1291.34
247.04	1299.90
247.26	1303.25
247.47	1307.72
247.69	1303.63
247.91	1302.88
248.13	1310.33
248.34	1316.66
248.56	1314.05
248.78	1309.21
248.99	1305.67
249.21	1311.63
249.43	1309.58
249.64	1310.51
249.86	1309.21
250.08	1307.91
250.29	1300.83
250.51	1299.90
250.73	1291.34
250.94	1287.80
251.16	1285.19
251.37	1282.77
251.59	1277.37
251.81	1280.17
252.02	1277.56
252.24	1278.49
252.46	1275.33
252.67	1274.02
252.89	1278.68
253.11	1277.56
253.32	1283.52
253.54	1293.57
253.76	1295.62
253.97	1293.94
254.19	1289.29
254.41	1290.97
254.62	1290.59
254.84	1295.25
255.05	1298.97
255.27	1294.50
255.49	1300.46
255.70	1300.27
255.92	1294.50
256.14	1291.34
256.35	1294.69
256.57	1293.57
256.79	1297.67
257.00	1298.04
257.22	1297.11
257.43	1299.16
257.65	1297.30
257.87	1292.45
258.08	1289.10
258.30	1284.63
258.51	1287.80
258.73	1280.54
258.95	1276.44
259.16	1273.09
259.38	1276.26
259.60	1274.21
259.81	1275.70
260.03	1275.33
260.24	1276.82
260.46	1285.38
260.68	1287.06
260.89	1290.03
261.11	1299.34
261.32	1303.07
261.54	1308.65
261.76	1301.39
261.97	1306.42
262.19	1306.05
262.40	1300.65
262.62	1297.85
262.84	1290.78
263.05	1287.06
263.27	1281.66
263.48	1280.54
263.70	1280.73
263.91	1275.70
264.13	1281.28
264.35	1273.84
264.56	1271.79
264.78	1272.53
264.99	1272.72
265.21	1270.30
265.43	1279.42
265.64	1282.03
265.86	1279.05
266.07	1282.96
266.29	1283.89
266.50	1277.19
266.72	1285.01
266.94	1281.66
267.15	1287.24
267.37	1298.04
267.58	1302.69
267.80	1301.95
268.01	1304.37
268.23	1302.51
268.44	1303.44
268.66	1305.11
268.88	1309.77
269.09	1308.47
269.31	1309.21
269.52	1305.49
269.74	1301.95
269.95	1298.41
270.17	1297.67
270.38	1296.18
270.60	1296.18
270.82	1290.22
271.03	1285.38
271.25	1285.01
271.46	1279.98
271.68	1286.12
271.89	1291.90
272.11	1290.59
272.32	1289.29
272.54	1289.10
272.75	1288.54
272.97	1288.92
273.18	1294.69
273.40	1296.55
273.62	1298.04
273.83	1299.16
274.05	1296.55
274.26	1289.48
274.48	1289.10
274.69	1291.90
274.91	1290.59
275.12	1290.41
275.34	1290.22
275.55	1289.29
275.77	1289.48
275.98	1287.61
276.20	1289.85
276.41	1285.01
276.63	1290.41
276.84	1287.24
277.06	1290.97
277.27	1292.08
277.49	1293.76
277.70	1298.60
277.92	1293.94
278.13	1289.85
278.35	1290.78
278.56	1285.38
278.78	1290.59
278.99	1290.22
279.21	1294.32
279.42	1291.15
279.64	1283.33
279.85	1285.19
280.07	1288.54
280.28	1293.39
280.50	1293.39
280.71	1293.39
280.93	1295.06
281.14	1294.69
281.36	1288.17
281.57	1285.38
281.79	1289.66
282.00	1297.85
282.22	1294.13
282.43	1290.22
282.65	1286.68
282.86	1289.66
283.08	1286.87
283.29	1290.41
283.51	1290.78
283.72	1295.62
283.94	1291.71
284.15	1285.94
284.36	1278.86
284.58	1274.40
284.79	1271.23
285.01	1271.60
285.22	1271.04
285.44	1276.44
285.65	1283.70
285.87	1276.44
286.08	1285.94
286.30	1293.76
286.51	1296.92
286.73	1302.14
286.94	1304.00
287.15	1304.00
287.37	1303.25
287.58	1300.27
287.80	1301.39
288.01	1288.54
288.23	1290.78
288.44	1281.47
288.66	1276.82
288.87	1276.82
289.08	1276.26
289.30	1275.88
289.51	1274.40
289.73	1273.84
289.94	1278.30
290.16	1275.14
290.37	1279.61
290.58	1276.26
290.80	1273.65
291.01	1277.00
291.23	1274.77
291.44	1277.37
291.66	1282.96
291.87	1285.57
292.08	1294.69
292.30	1294.32
292.51	1293.94
292.73	1291.34
292.94	1298.04
293.16	1298.60
293.37	1293.57
293.58	1291.34
293.80	1287.43
294.01	1293.76
294.23	1297.11
294.44	1284.82
294.65	1291.52
294.87	1286.31
295.08	1289.48
295.30	1291.15
295.51	1290.03
295.72	1293.94
295.94	1294.69
296.15	1301.20
296.37	1292.64
296.58	1288.73
296.79	1293.01
297.01	1283.33
297.22	1288.17
297.44	1293.57
297.65	1290.59
297.86	1294.87
298.08	1293.57
298.29	1298.04
298.51	1297.48
298.72	1300.27
298.93	1304.56
299.15	1308.65
299.36	1319.82
299.57	1320.75
299.79	1315.73
300.00	1318.89
300.22	1317.59
300.43	1316.10
300.64	1310.70
300.86	1310.14
301.07	1308.09
301.28	1303.07
301.50	1292.45
301.71	1286.87
301.93	1285.01
302.14	1279.79
302.35	1275.33
302.57	1274.40
302.78	1273.09
302.99	1279.98
303.21	1276.82
303.42	1274.58
303.63	1276.63
303.85	1279.42
304.06	1274.77
304.28	1274.02
304.49	1279.05
304.70	1281.84
304.92	1279.24
305.13	1282.59
305.34	1282.40
305.56	1278.49
305.77	1283.52
305.98	1282.96
306.20	1291.34
306.41	1295.06
306.62	1300.27
306.84	1300.46
307.05	1298.23
307.26	1302.14
307.48	1296.92
307.69	1296.55
307.90	1304.00
308.12	1300.09
308.33	1295.99
308.54	1291.52
308.76	1294.32
308.97	1291.90
309.18	1294.13
309.40	1299.90
309.61	1295.99
309.82	1302.88
310.04	1297.48
310.25	1299.72
310.46	1308.09
310.67	1310.89
310.89	1314.61
311.10	1310.89
311.31	1313.87
311.53	1311.26
311.74	1310.33
311.95	1314.61
312.17	1308.28
312.38	1312.00
312.59	1309.58
312.81	1300.09
313.02	1300.09
313.23	1299.34
313.44	1300.46
313.66	1301.39
313.87	1302.88
314.08	1302.32
314.30	1300.09
314.51	1306.05
314.72	1305.49
314.93	1300.09
315.15	1306.42
315.36	1308.47
315.57	1306.23
315.79	1309.02
316.00	1309.21
316.21	1312.00
316.42	1310.70
316.64	1316.10
316.85	1317.03
317.06	1320.38
317.28	1323.17
317.49	1315.54
317.70	1311.26
317.91	1312.93
318.13	1309.77
318.34	1302.14
318.55	1294.87
318.76	1298.97
318.98	1302.51
319.19	1295.81
319.40	1292.08
319.62	1296.55
319.83	1299.72
320.04	1302.51
320.25	1308.65
320.47	1307.72
320.68	1310.70
320.89	1317.96
321.10	1314.05
321.32	1312.19
321.53	1319.26
321.74	1316.47
321.95	1318.52
322.17	1317.03
322.38	1321.13
322.59	1316.47
322.80	1314.80
323.02	1317.03
323.23	1316.47
323.44	1313.49
323.65	1306.42
323.86	1312.38
324.08	1319.26
324.29	1308.84
324.50	1315.17
324.71	1312.75
324.93	1311.44
325.14	1314.05
325.35	1307.72
325.56	1309.21
325.78	1314.24
325.99	1316.47
326.20	1311.44
326.41	1309.96
326.62	1317.59
326.84	1311.26
327.05	1309.02
327.26	1306.23
327.47	1312.38
327.69	1317.96
327.90	1315.17
328.11	1314.61
328.32	1314.05
328.53	1310.70
328.75	1304.37
328.96	1300.27
329.17	1302.14
329.38	1305.30
329.59	1305.49
329.81	1297.67
330.02	1296.55
330.23	1298.41
330.44	1291.90
330.65	1295.99
330.87	1294.69
331.08	1299.53
331.29	1299.16
331.50	1303.07
331.71	1304.37
331.92	1310.14
332.14	1311.26
332.35	1315.54
332.56	1314.24
332.77	1322.24
332.98	1321.68
333.20	1322.62
333.41	1324.10
333.62	1324.48
333.83	1320.01
334.04	1317.77
334.25	1321.68
334.47	1320.57
334.68	1317.22
334.89	1315.73
335.10	1316.84
335.31	1312.56
335.52	1317.40
335.74	1320.94
335.95	1323.17
336.16	1330.81
336.37	1334.90
336.58	1325.22
336.79	1329.13
337.01	1331.74
337.22	1329.69
337.43	1329.13
337.64	1329.50
337.85	1325.78
338.06	1324.85
338.28	1327.08
338.49	1321.87
338.70	1321.68
338.91	1321.68
339.12	1317.77
339.33	1316.66
339.54	1322.99
339.76	1322.80
339.97	1322.80
340.18	1318.71
340.39	1321.68
340.60	1322.80
340.81	1322.99
341.02	1321.13
341.23	1323.55
341.45	1322.43
341.66	1322.43
341.87	1314.24
342.08	1309.96
342.29	1315.91
342.50	1316.47
342.71	1313.87
342.92	1311.63
343.14	1317.77
343.35	1319.08
343.56	1321.13
343.77	1323.17
343.98	1320.94
344.19	1328.76
344.40	1332.11
344.61	1333.23
344.82	1330.99
345.04	1328.76
345.25	1329.50
345.46	1329.32
345.67	1324.66
345.88	1321.68
346.09	1325.04
346.30	1329.88
346.51	1326.90
346.72	1318.33
346.94	1319.82
347.15	1327.83
347.36	1329.32
347.57	1329.32
347.78	1329.32
347.99	1335.83
348.20	1331.37
348.41	1326.53
348.62	1325.97
348.83	1332.11
349.04	1339.56
349.25	1339.00
349.47	1331.74
349.68	1333.79
349.89	1326.53
350.10	1317.40
350.31	1313.31
350.52	1317.40
350.73	1317.40
350.94	1315.73
351.15	1307.91
351.36	1312.56
351.57	1306.60
351.78	1305.86
351.99	1295.81
352.21	1305.30
352.42	1311.07
352.63	1304.74
352.84	1303.63
353.05	1304.18
353.26	1301.58
353.47	1302.51
353.68	1302.14
353.89	1301.95
354.10	1304.56
354.31	1309.96
354.52	1304.74
354.73	1299.72
354.94	1304.93
355.15	1310.14
355.36	1313.31
355.57	1314.42
355.78	1308.09
355.99	1301.95
356.20	1304.37
356.42	1304.56
356.63	1306.42
356.84	1304.56
357.05	1305.30
357.26	1305.11
357.47	1303.81
357.68	1303.07
357.89	1301.76
358.10	1314.05
358.31	1309.96
358.52	1308.65
358.73	1309.40
358.94	1313.12
359.15	1320.75
359.36	1320.38
359.57	1324.66
359.78	1321.13
359.99	1321.13
360.20	1321.13
360.41	1319.45
360.62	1322.99
360.83	1322.80
361.04	1324.85
361.25	1321.87
361.46	1322.06
361.67	1325.41
361.88	1328.39
362.09	1334.90
362.30	1339.56
362.51	1341.61
362.72	1335.09
362.93	1338.07
363.14	1337.70
363.35	1340.67
363.56	1341.61
363.77	1342.35
363.98	1334.72
364.19	1333.41
364.40	1328.76
364.61	1323.55
364.82	1328.01
365.03	1329.32
365.24	1324.10
365.45	1329.50
365.66	1327.08
365.87	1323.73
366.08	1322.99
366.29	1333.23
366.50	1321.87
366.71	1321.13
366.92	1321.31
367.13	1316.29
367.34	1319.08
367.55	1324.29
367.76	1325.97
367.97	1330.25
368.18	1335.46
368.39	1330.81
368.60	1326.53
368.81	1333.79
369.01	1336.39
369.22	1341.23
369.43	1339.93
369.64	1341.05
369.85	1345.14
370.06	1334.16
370.27	1329.69
370.48	1329.50
370.69	1328.39
370.90	1325.78
371.11	1322.43
371.32	1325.04
371.53	1320.75
371.74	1318.15
371.95	1315.91
372.16	1309.21
372.37	1311.63
372.58	1309.21
372.79	1305.30
372.99	1307.16
373.20	1308.09
373.41	1314.98
373.62	1308.84
373.83	1313.68
374.04	1314.80
374.25	1314.80
374.46	1317.96
374.67	1314.42
374.88	1314.42
375.09	1309.02
375.30	1310.14
375.51	1314.98
375.72	1312.75
375.92	1314.80
376.13	1310.51
376.34	1312.38
376.55	1315.35
376.76	1309.96
376.97	1313.49
377.18	1322.24
377.39	1328.39
377.60	1325.97
377.81	1328.95
378.02	1333.04
378.22	1335.83
378.43	1338.63
378.64	1338.07
378.85	1333.97
379.06	1339.74
379.27	1343.84
379.48	1337.88
379.69	1335.09
379.90	1334.72
380.11	1325.97
380.31	1322.43
380.52	1324.85
380.73	1317.03
380.94	1319.26
381.15	1313.87
381.36	1310.51
381.57	1310.14
381.78	1306.23
381.99	1308.28
382.19	1312.56
382.40	1317.59
382.61	1316.66
382.82	1310.33
383.03	1310.51
383.24	1317.22
383.45	1326.34
383.65	1327.27
383.86	1324.48
384.07	1326.15
384.28	1324.66
384.49	1319.08
384.70	1317.77
384.91	1314.61
385.12	1321.31
385.32	1330.43
385.53	1328.95
385.74	1328.95
385.95	1329.50
386.16	1331.37
386.37	1335.09
386.58	1340.86
386.78	1337.14
386.99	1339.19
387.20	1341.79
387.41	1342.35
387.62	1339.74
387.83	1336.77
388.03	1336.39
388.24	1332.11
388.45	1335.28
388.66	1330.06
388.87	1323.36
389.08	1329.50
389.28	1319.08
389.49	1315.91
389.70	1307.53
389.91	1308.28
390.12	1307.16
390.33	1301.20
390.53	1308.65
390.74	1301.20
390.95	1304.37
391.16	1303.81
391.37	1304.93
391.58	1304.37
391.78	1305.11
391.99	1308.47
392.20	1301.58
392.41	1296.92
392.62	1303.81
392.82	1300.65
393.03	1299.16
393.24	1296.92
393.45	1294.69
393.66	1297.85
393.87	1305.11
394.07	1306.05
394.28	1302.69
394.49	1307.16
394.70	1310.70
394.91	1314.80
395.11	1318.71
395.32	1323.73
395.53	1335.46
395.74	1347.75
395.94	1345.33
396.15	1351.47
396.36	1360.78
396.57	1367.11
396.78	1370.84
396.98	1371.21
397.19	1368.04
397.40	1361.53
397.61	1357.80
397.82	1346.63
398.02	1341.98
398.23	1345.33
398.44	1345.70
398.65	1338.63
398.85	1336.95
399.06	1330.06
399.27	1326.15
399.48	1319.64
399.69	1321.87
399.89	1327.08
400.10	1330.43
400.31	1326.34
400.52	1324.85
400.72	1324.10
400.93	1318.89
401.14	1318.33
401.35	1327.08
401.55	1331.55
401.76	1326.15
401.97	1321.87
402.18	1318.89
402.38	1315.54
402.59	1317.22
402.80	1306.79
403.01	1300.09
403.21	1303.44
403.42	1306.98
403.63	1303.81
403.84	1300.65
404.04	1306.05
404.25	1311.07
404.46	1309.96
404.67	1309.21
404.87	1305.67
405.08	1316.84
405.29	1317.40
405.50	1315.17
405.70	1312.75
405.91	1309.77
406.12	1315.17
406.32	1317.59
406.53	1316.29
406.74	1318.15
406.95	1323.36
407.15	1327.08
407.36	1320.01
407.57	1316.10
407.77	1318.33
407.98	1326.34
408.19	1334.53
408.40	1343.28
408.60	1358.92
408.81	1377.35
409.02	1392.25
409.22	1406.21
409.43	1426.50
409.64	1445.49
409.85	1469.70
410.05	1480.68
410.26	1479.19
410.47	1473.98
410.67	1459.08
410.88	1450.15
411.09	1432.65
411.29	1416.82
411.50	1405.09
411.71	1385.92
411.92	1371.02
412.12	1354.27
412.33	1342.16
412.54	1334.72
412.74	1328.95
412.95	1334.16
413.16	1328.57
413.36	1326.15
413.57	1325.78
413.78	1315.17
413.98	1308.65
414.19	1306.60
414.40	1297.30
414.60	1296.55
414.81	1295.81
415.02	1292.08
415.22	1290.97
415.43	1284.63
415.64	1290.97
415.84	1288.92
416.05	1290.22
416.26	1292.08
416.46	1293.01
416.67	1297.30
416.88	1296.55
417.08	1295.43
417.29	1303.07
417.50	1302.69
417.70	1301.02
417.91	1301.02
418.12	1301.02
418.32	1303.81
418.53	1311.44
418.74	1309.58
418.94	1313.49
419.15	1319.45
419.36	1321.13
419.56	1317.03
419.77	1316.10
419.97	1320.57
420.18	1322.62
420.39	1329.88
420.59	1325.04
420.80	1317.96
421.01	1321.13
421.21	1323.36
421.42	1318.33
421.63	1313.12
421.83	1310.14
422.04	1306.98
422.24	1316.47
422.45	1313.12
422.66	1310.89
422.86	1312.93
423.07	1318.33
423.28	1308.65
423.48	1308.65
423.69	1313.31
423.89	1314.42
424.10	1320.38
424.31	1323.36
424.51	1314.98
424.72	1312.75
424.92	1308.09
425.13	1311.07
425.34	1310.51
425.54	1326.90
425.75	1320.57
425.95	1321.13
426.16	1325.22
426.37	1324.10
426.57	1324.29
426.78	1323.92
426.98	1321.13
427.19	1329.32
427.40	1332.30
427.60	1334.16
427.81	1331.55
428.01	1332.11
428.22	1331.92
428.43	1330.81
428.63	1335.65
428.84	1334.90
429.04	1339.37
429.25	1342.91
429.45	1338.44
429.66	1336.21
429.87	1336.02
430.07	1337.14
430.28	1339.93
430.48	1339.19
430.69	1338.44
430.89	1332.30
431.10	1334.16
431.31	1325.97
431.51	1328.76
431.72	1332.67
431.92	1355.20
432.13	1383.50
432.33	1416.64
432.54	1477.33
432.74	1543.42
432.95	1612.12
433.16	1688.83
433.36	1759.39
433.57	1824.55
433.77	1869.61
433.98	1909.45
434.18	1919.32
434.39	1911.31
434.59	1883.95
434.80	1831.63
435.01	1773.54
435.21	1707.26
435.42	1634.47
435.62	1560.37
435.83	1502.46
436.03	1452.57
436.24	1404.35
436.44	1369.35
436.65	1346.07
436.85	1327.08
437.06	1320.75
437.26	1306.98
437.47	1302.88
437.67	1301.58
437.88	1301.76
438.08	1301.02
438.29	1299.34
438.50	1296.74
438.70	1299.34
438.91	1302.32
439.11	1299.90
439.32	1293.76
439.52	1297.85
439.73	1301.58
439.93	1298.04
440.14	1301.39
440.34	1301.95
440.55	1303.44
440.75	1314.24
440.96	1313.87
441.16	1307.91
441.37	1314.80
441.57	1321.31
441.78	1323.73
441.98	1326.53
442.19	1331.92
442.39	1332.11
442.60	1331.74
442.80	1332.67
443.01	1333.23
443.21	1329.13
443.42	1334.53
443.62	1344.58
443.83	1341.98
444.03	1339.74
444.23	1334.90
444.44	1331.18
444.64	1332.86
444.85	1336.39
445.05	1336.95
445.26	1334.16
445.46	1330.43
445.67	1325.97
445.87	1309.77
446.08	1310.14
446.28	1310.70
446.49	1310.89
446.69	1310.89
446.90	1301.39
447.10	1289.29
447.31	1288.17
447.51	1285.01
447.71	1293.20
447.92	1290.03
448.12	1297.30
448.33	1295.43
448.53	1296.55
448.74	1296.36
448.94	1298.04
449.15	1306.42
449.35	1310.70
449.56	1309.77
449.76	1309.40
449.96	1307.91
450.17	1310.89
450.37	1306.05
450.58	1304.37
450.78	1302.69
450.99	1302.88
451.19	1299.90
451.39	1302.69
451.60	1307.72
451.80	1314.80
452.01	1313.12
452.21	1312.93
452.42	1316.29
452.62	1325.78
452.82	1327.83
453.03	1324.66
453.23	1322.80
453.44	1326.71
453.64	1317.03
453.85	1314.24
454.05	1307.16
454.25	1315.91
454.46	1317.22
454.66	1316.66
454.87	1312.38
455.07	1311.44
455.27	1314.80
455.48	1313.49
455.68	1315.54
455.89	1320.20
456.09	1318.71
456.29	1315.91
456.50	1311.07
456.70	1312.00
456.91	1311.44
457.11	1315.91
457.31	1320.38
457.52	1326.34
457.72	1338.44
457.93	1336.21
458.13	1340.49
458.33	1337.14
458.54	1338.07
458.74	1340.67
458.95	1343.47
459.15	1339.93
459.35	1336.95
459.56	1333.23
459.76	1334.72
459.96	1326.53
460.17	1327.46
460.37	1322.06
460.58	1328.76
460.78	1333.23
460.98	1330.99
461.19	1333.97
461.39	1335.46
461.59	1326.34
461.80	1324.29
462.00	1323.36
462.21	1317.96
462.41	1318.89
462.61	1323.92
462.82	1324.66
463.02	1322.06
463.22	1323.17
463.43	1312.38
463.63	1313.31
463.83	1323.55
464.04	1328.01
464.24	1320.38
464.44	1317.96
464.65	1314.80
464.85	1311.07
465.05	1311.82
465.26	1315.17
465.46	1307.72
465.66	1313.31
465.87	1312.00
466.07	1312.00
466.27	1303.07
466.48	1308.84
466.68	1312.38
466.88	1314.05
467.09	1315.91
467.29	1316.29
467.49	1310.51
467.70	1318.15
467.90	1314.98
468.10	1313.12
468.31	1313.87
468.51	1323.17
468.71	1322.80
468.92	1326.53
469.12	1324.85
469.32	1323.73
469.53	1320.75
469.73	1321.31
469.93	1314.80
470.14	1314.05
470.34	1315.35
470.54	1313.68
470.74	1311.26
470.95	1307.91
471.15	1303.25
471.35	1302.14
471.56	1304.74
471.76	1295.81
471.96	1300.27
472.17	1301.58
472.37	1302.32
472.57	1305.11
472.77	1302.14
472.98	1305.67
473.18	1305.11
473.38	1309.02
473.59	1310.33
473.79	1306.98
473.99	1321.87
474.19	1314.24
474.40	1311.82
474.60	1317.03
474.80	1315.91
475.01	1319.45
475.21	1317.03
475.41	1317.22
475.61	1312.56
475.82	1310.89
476.02	1312.93
476.22	1308.47
476.42	1314.24
476.63	1318.71
476.83	1314.42
477.03	1312.93
477.24	1313.87
477.44	1317.03
477.64	1318.15
477.84	1323.17
478.05	1324.29
478.25	1325.04
478.45	1328.57
478.65	1334.90
478.86	1337.32
479.06	1340.12
479.26	1348.68
479.46	1353.33
479.67	1355.38
479.87	1353.52
480.07	1360.60
480.27	1372.70
480.48	1373.07
480.68	1370.65
480.88	1368.79
481.08	1371.21
481.28	1375.86
481.49	1370.65
481.69	1366.18
481.89	1368.79
482.09	1367.86
482.30	1366.74
482.50	1357.62
482.70	1362.64
482.90	1362.83
483.11	1366.74
483.31	1368.79
483.51	1369.16
483.71	1394.29
483.91	1480.31
484.12	1672.07
484.32	2004.22
484.52	2473.39
484.72	3047.75
484.92	3702.17
485.13	4375.39
485.33	5065.00
485.53	5705.27
485.73	6303.28
485.93	6817.69
486.14	7200.84
486.34	7378.09
486.54	7335.82
486.74	7072.38
486.94	6641.00
487.15	6070.74
487.35	5458.21
487.55	4799.88
487.75	4174.69
487.95	3589.34
488.16	3063.58
488.36	2597.38
488.56	2229.12
488.76	1945.38
488.96	1744.12
489.17	1605.98
489.37	1517.73
489.57	1461.88
489.77	1420.17
489.97	1413.10
490.17	1395.78
490.38	1383.12
490.58	1376.42
490.78	1372.88
490.98	1364.69
491.18	1360.78
491.38	1360.41
491.59	1359.11
491.79	1354.64
491.99	1360.41
492.19	1357.80
492.39	1357.80
492.59	1361.53
492.80	1364.32
493.00	1360.41
493.20	1365.62
493.40	1362.64
493.60	1364.69
493.80	1364.69
494.00	1365.25
494.21	1368.79
494.41	1359.11
494.61	1354.08
494.81	1349.98
495.01	1353.15
495.21	1357.80
495.41	1358.36
495.62	1358.55
495.82	1351.85
496.02	1352.78
496.22	1352.22
496.42	1346.45
496.62	1345.14
496.82	1351.29
497.02	1357.06
497.23	1358.92
497.43	1353.89
497.63	1351.47
497.83	1347.94
498.03	1348.49
498.23	1346.82
498.43	1348.49
498.63	1342.54
498.84	1341.79
499.04	1341.05
499.24	1333.60
499.44	1330.06
499.64	1324.85
499.84	1323.17
500.04	1329.69
500.24	1324.85
500.44	1323.73
500.65	1320.57
500.85	1329.69
501.05	1333.23
501.25	1332.67
501.45	1330.25
501.65	1327.08
501.85	1331.74
502.05	1330.25
502.25	1324.48
502.45	1323.17
502.65	1327.08
502.86	1323.92
503.06	1323.17
503.26	1314.98
503.46	1314.80
503.66	1317.22
503.86	1320.01
504.06	1320.01
504.26	1327.08
504.46	1322.80
504.66	1326.90
504.86	1320.75
505.06	1322.62
505.26	1322.06
505.47	1329.50
505.67	1325.97
505.87	1324.29
506.07	1316.66
506.27	1317.77
506.47	1315.91
506.67	1315.54
506.87	1313.87
507.07	1321.68
507.27	1324.29
507.47	1321.31
507.67	1320.01
507.87	1325.22
508.07	1327.46
508.27	1335.28
508.47	1328.39
508.67	1327.64
508.87	1328.01
509.08	1332.86
509.28	1326.53
509.48	1325.59
509.68	1326.34
509.88	1323.55
510.08	1320.57
510.28	1317.59
510.48	1308.28
510.68	1309.77
510.88	1310.33
511.08	1315.73
511.28	1311.26
511.48	1312.38
511.68	1309.96
511.88	1307.53
512.08	1308.09
512.28	1302.88
512.48	1307.35
512.68	1307.35
512.88	1317.40
513.08	1308.47
513.28	1306.23
513.48	1310.14
513.68	1309.40
513.88	1308.28
514.08	1309.02
514.28	1308.47
514.48	1308.84
514.68	1312.56
514.88	1318.33
515.08	1307.72
515.28	1318.71
515.48	1316.29
515.68	1314.05
515.88	1318.89
516.08	1314.98
516.28	1308.84
516.48	1307.53
516.68	1308.65
516.88	1305.11
517.08	1307.16
517.28	1312.75
517.48	1303.25
517.68	1309.58
517.88	1308.47
518.08	1300.09
518.28	1301.58
518.48	1313.87
518.68	1316.66
518.88	1322.43
519.08	1316.47
519.28	1309.21
519.48	1309.77
519.68	1313.31
519.88	1310.70
520.08	1316.66
520.28	1318.89
520.48	1320.38
520.68	1311.63
520.88	1316.47
521.08	1314.24
521.28	1320.38
521.47	1322.24
521.67	1322.06
521.87	1325.22
522.07	1319.64
522.27	1317.40
522.47	1317.96
522.67	1320.94
522.87	1323.36
523.07	1316.47
523.27	1317.96
523.47	1319.45
523.67	1324.66
523.87	1325.97
524.07	1321.87
524.27	1325.59
524.47	1325.59
524.67	1323.55
524.87	1322.43
525.06	1323.55
525.26	1321.68
525.46	1321.87
525.66	1314.61
525.86	1308.65
526.06	1306.60
526.26	1307.91
526.46	1311.07
526.66	1304.00
526.86	1310.89
527.06	1311.44
527.26	1307.91
527.46	1314.98
527.65	1314.24
527.85	1312.56
528.05	1312.00
528.25	1314.24
528.45	1315.54
528.65	1315.17
528.85	1316.29
529.05	1309.58
529.25	1314.80
529.45	1321.13
529.65	1316.10
529.84	1312.93
530.04	1318.15
530.24	1319.08
530.44	1317.40
530.64	1316.10
530.84	1313.49
531.04	1320.57
531.24	1322.24
531.44	1314.42
531.63	1312.75
531.83	1314.05
532.03	1320.57
532.23	1324.10
532.43	1320.94
532.63	1321.31
532.83	1321.87
533.03	1320.01
533.22	1306.60
533.42	1302.14
533.62	1303.63
533.82	1307.16
534.02	1312.19
534.22	1308.84
534.42	1305.30
534.62	1314.24
534.81	1313.68
535.01	1313.12
535.21	1311.07
535.41	1319.82
535.61	1323.36
535.81	1328.76
536.01	1323.55
536.20	1316.47
536.40	1314.80
536.60	1314.80
536.80	1311.82
537.00	1315.91
537.20	1315.91
537.39	1325.59
537.59	1325.97
537.79	1328.95
537.99	1325.41
538.19	1326.90
538.39	1329.88
538.59	1331.74
538.78	1336.95
538.98	1334.34
539.18	1327.46
539.38	1329.13
539.58	1330.25
539.78	1330.62
539.97	1327.64
540.17	1329.50
540.37	1338.07
540.57	1334.34
540.77	1332.86
540.96	1328.39
541.16	1327.27
541.36	1332.67
541.56	1331.55
541.76	1323.92
541.96	1322.80
542.15	1321.13
542.35	1326.53
542.55	1319.82
542.75	1330.62
542.95	1333.23
543.14	1330.43
543.34	1335.83
543.54	1327.64
543.74	1333.60
543.94	1339.37
544.13	1329.50
544.33	1328.76
544.53	1318.52
544.73	1319.82
544.93	1311.07
545.12	1308.09
545.32	1307.53
545.52	1303.25
545.72	1308.09
545.91	1299.90
546.11	1302.32
546.31	1313.31
546.51	1315.73
546.71	1323.55
546.90	1316.29
547.10	1320.38
547.30	1314.24
547.50	1314.61
547.69	1317.22
547.89	1312.75
548.09	1312.56
548.29	1311.26
548.49	1309.77
548.68	1309.21
548.88	1300.27
549.08	1303.25
549.28	1302.69
549.47	1308.47
549.67	1311.07
549.87	1311.07
550.07	1316.29
550.26	1315.35
550.46	1308.28
550.66	1301.58
550.86	1297.85
551.05	1299.53
551.25	1299.72
551.45	1293.39
551.65	1294.13
551.84	1293.20
552.04	1300.46
552.24	1296.74
552.44	1296.55
552.63	1303.63
552.83	1306.98
553.03	1316.29
553.22	1323.36
553.42	1324.29
553.62	1328.57
553.82	1332.11
554.01	1331.55
554.21	1325.22
554.41	1325.59
554.61	1324.66
554.80	1321.50
555.00	1325.41
555.20	1325.22
555.39	1320.75
555.59	1321.68
555.79	1322.80
555.99	1314.61
556.18	1314.42
556.38	1305.67
556.58	1300.83
556.77	1303.81
556.97	1302.69
557.17	1298.78
557.37	1290.03
557.56	1281.66
557.76	1277.93
557.96	1277.93
558.15	1283.33
558.35	1280.35
558.55	1283.70
558.74	1293.94
558.94	1301.58
559.14	1299.90
559.33	1301.95
559.53	1304.37
559.73	1306.42
559.93	1309.40
560.12	1307.53
560.32	1304.56
560.52	1307.53
560.71	1310.89
560.91	1301.39
561.11	1291.71
561.30	1296.36
561.50	1298.97
561.70	1304.18
561.89	1308.28
562.09	1305.67
562.29	1303.07
562.48	1304.93
562.68	1306.98
562.88	1301.20
563.07	1301.39
563.27	1302.14
563.47	1295.25
563.66	1293.94
563.86	1292.45
564.06	1290.41
564.25	1286.50
564.45	1284.08
564.64	1283.52
564.84	1277.75
565.04	1286.12
565.23	1296.18
565.43	1300.46
565.63	1301.39
565.82	1302.51
566.02	1307.91
566.22	1308.84
566.41	1312.93
566.61	1322.62
566.81	1329.32
567.00	1334.53
567.20	1330.62
567.39	1327.83
567.59	1321.87
567.79	1323.36
567.98	1325.22
568.18	1314.61
568.38	1317.03
568.57	1320.94
568.77	1319.08
568.96	1315.17
569.16	1316.29
569.36	1322.24
569.55	1328.20
569.75	1335.83
569.94	1336.02
570.14	1333.23
570.34	1334.72
570.53	1331.18
570.73	1333.97
570.92	1328.20
571.12	1329.69
571.32	1333.79
571.51	1330.99
571.71	1327.27
571.90	1323.92
572.10	1328.57
572.30	1333.23
572.49	1339.56
572.69	1348.12
572.88	1341.98
573.08	1340.49
573.28	1334.90
573.47	1340.30
573.67	1339.93
573.86	1336.77
574.06	1342.35
574.26	1340.12
574.45	1339.93
574.65	1341.61
574.84	1339.56
575.04	1345.52
575.23	1352.78
575.43	1352.40
575.63	1339.56
575.82	1339.74
576.02	1344.21
576.21	1341.79
576.41	1347.19
576.60	1343.84
576.80	1341.42
576.99	1343.47
577.19	1337.14
577.39	1338.25
577.58	1344.77
577.78	1353.71
577.97	1354.64
578.17	1353.52
578.36	1357.80
578.56	1355.76
578.75	1360.22
578.95	1359.85
579.15	1355.38
579.34	1361.71
579.54	1362.83
579.73	1365.25
579.93	1368.79
580.12	1370.46
580.32	1369.16
580.51	1368.60
580.71	1372.88
580.90	1382.38
581.10	1391.13
581.29	1397.09
581.49	1399.14
581.68	1403.42
581.88	1402.30
582.07	1397.83
582.27	1398.39
582.47	1403.42
582.66	1397.27
582.86	1393.36
583.05	1383.31
583.25	1377.72
583.44	1375.86
583.64	1374.37
583.83	1366.00
584.03	1365.62
584.22	1359.67
584.42	1357.80
584.61	1352.40
584.81	1352.59
585.00	1348.12
585.20	1348.68
585.39	1349.43
585.59	1343.28
585.78	1341.23
585.98	1344.77
586.17	1339.74
586.37	1342.35
586.56	1349.80
586.76	1359.67
586.95	1363.57
587.15	1370.28
587.34	1373.63
587.54	1371.39
587.73	1377.72
587.92	1382.57
588.12	1384.80
588.31	1389.08
588.51	1384.05
588.70	1374.37
588.90	1362.64
589.09	1362.09
589.29	1353.71
589.48	1352.40
589.68	1352.59
589.87	1347.38
590.07	1342.16
590.26	1336.77
590.46	1332.48
590.65	1334.53
590.84	1341.79
591.04	1339.19
591.23	1335.09
591.43	1340.67
591.62	1338.63
591.82	1339.37
592.01	1346.45
592.21	1349.05
592.40	1355.57
592.59	1367.48
592.79	1374.93
592.98	1374.56
593.18	1375.49
593.37	1385.73
593.57	1386.10
593.76	1381.63
593.96	1382.75
594.15	1380.89
594.34	1382.75
594.54	1374.00
594.73	1364.13
594.93	1360.22
595.12	1361.90
595.32	1365.44
595.51	1355.20
595.70	1353.89
595.90	1357.80
596.09	1353.33
596.29	1350.73
596.48	1349.05
596.67	1353.52
596.87	1360.22
597.06	1365.25
597.26	1362.27
597.45	1360.60
597.65	1372.14
597.84	1374.19
598.03	1374.75
598.23	1380.89
598.42	1378.84
598.62	1378.10
598.81	1376.42
599.00	1371.77
599.20	1363.20
599.39	1364.51
599.58	1369.35
599.78	1360.60
599.97	1357.24
600.17	1353.52
600.36	1348.87
600.55	1348.31
600.75	1340.12
600.94	1347.00
601.14	1347.00
601.33	1356.13
601.52	1356.31
601.72	1348.87
601.91	1354.45
602.10	1356.13
602.30	1362.64
602.49	1367.48
602.69	1369.90
602.88	1376.98
603.07	1370.46
603.27	1367.48
603.46	1365.62
603.65	1363.95
603.85	1371.39
604.04	1367.48
604.23	1362.09
604.43	1360.22
604.62	1352.78
604.82	1360.78
605.01	1360.04
605.20	1356.69
605.40	1357.43
605.59	1353.15
605.78	1345.33
605.98	1340.12
606.17	1340.67
606.36	1347.00
606.56	1345.70
606.75	1346.63
606.94	1336.21
607.14	1330.43
607.33	1339.93
607.52	1339.19
607.72	1341.05
607.91	1349.43
608.10	1362.09
608.30	1364.32
608.49	1363.95
608.68	1365.06
608.88	1361.90
609.07	1361.53
609.26	1366.55
609.46	1359.85
609.65	1372.14
609.84	1369.16
610.03	1365.62
610.23	1350.91
610.42	1343.65
610.61	1345.70
610.81	1346.26
611.00	1347.56
611.19	1346.63
611.39	1342.54
611.58	1349.98
611.77	1340.67
611.97	1343.47
612.16	1346.82
612.35	1355.76
612.54	1360.60
612.74	1355.94
612.93	1346.82
613.12	1350.36
613.32	1355.01
613.51	1354.82
613.70	1350.17
613.89	1352.03
614.09	1346.63
614.28	1337.70
614.47	1332.48
614.67	1333.79
614.86	1333.41
615.05	1338.63
615.24	1335.46
615.44	1329.69
615.63	1331.92
615.82	1328.57
616.01	1325.59
616.21	1324.66
616.40	1330.25
616.59	1329.69
616.78	1320.57
616.98	1322.80
617.17	1321.13
617.36	1320.38
617.56	1325.97
617.75	1326.90
617.94	1325.59
618.13	1321.13
618.33	1328.20
618.52	1331.55
618.71	1330.25
618.90	1334.72
619.10	1336.95
619.29	1331.74
619.48	1336.95
619.67	1337.32
619.86	1333.04
620.06	1334.53
620.25	1336.95
620.44	1334.53
620.63	1326.90
620.83	1327.27
621.02	1327.83
621.21	1320.94
621.40	1325.78
621.60	1327.64
621.79	1329.13
621.98	1338.44
622.17	1336.39
622.36	1340.86
622.56	1341.79
622.75	1347.19
622.94	1347.00
623.13	1344.58
623.33	1346.45
623.52	1346.26
623.71	1347.00
623.90	1343.28
624.09	1332.48
624.29	1334.16
624.48	1326.71
624.67	1317.96
624.86	1312.56
625.05	1315.91
625.25	1316.47
625.44	1312.93
625.63	1311.82
625.82	1312.38
626.01	1316.10
626.21	1318.52
626.40	1319.82
626.59	1323.36
626.78	1330.43
626.97	1332.48
627.16	1330.43
627.36	1335.65
627.55	1335.09
627.74	1341.42
627.93	1334.16
628.12	1330.43
628.31	1330.99
628.51	1331.92
628.70	1336.21
628.89	1331.74
629.08	1334.53
629.27	1332.30
629.47	1332.11
629.66	1333.41
629.85	1326.53
630.04	1321.50
630.23	1323.55
630.42	1329.32
630.61	1333.79
630.81	1329.32
631.00	1330.99
631.19	1329.13
631.38	1330.62
631.57	1326.90
631.76	1330.43
631.96	1329.32
632.15	1337.88
632.34	1339.19
632.53	1336.39
632.72	1333.97
632.91	1337.51
633.10	1336.58
633.29	1335.65
633.49	1335.65
633.68	1340.67
633.87	1341.61
634.06	1345.52
634.25	1350.17
634.44	1346.82
634.63	1346.26
634.83	1344.58
635.02	1336.58
635.21	1343.84
635.40	1347.75
635.59	1349.61
635.78	1346.63
635.97	1349.24
636.16	1348.87
636.35	1348.12
636.55	1354.82
636.74	1359.48
636.93	1358.73
637.12	1364.69
637.31	1365.06
637.50	1357.99
637.69	1358.18
637.88	1361.15
638.07	1360.41
638.26	1358.18
638.46	1350.73
638.65	1346.26
638.84	1340.67
639.03	1343.65
639.22	1349.61
639.41	1347.94
639.60	1354.08
639.79	1359.11
639.98	1361.71
640.17	1359.85
640.36	1370.84
640.56	1372.14
640.75	1377.17
640.94	1383.31
641.13	1386.47
641.32	1379.96
641.51	1379.96
641.70	1383.50
641.89	1383.50
642.08	1377.91
642.27	1378.47
642.46	1379.96
642.65	1385.54
642.84	1382.38
643.03	1378.66
643.22	1378.84
643.42	1384.43
643.61	1389.27
643.80	1387.41
643.99	1382.75
644.18	1391.69
644.37	1388.71
644.56	1385.17
644.75	1386.66
644.94	1384.43
645.13	1385.54
645.32	1381.45
645.51	1383.68
645.70	1379.03
645.89	1378.10
646.08	1377.54
646.27	1379.21
646.46	1386.10
646.65	1382.75
646.84	1378.47
647.03	1373.81
647.22	1377.54
647.41	1381.45
647.60	1376.98
647.79	1378.10
647.98	1385.17
648.17	1390.76
648.36	1392.06
648.56	1397.09
648.75	1403.23
648.94	1408.26
649.13	1415.89
649.32	1413.10
649.51	1410.86
649.70	1416.64
649.89	1420.55
650.08	1424.27
650.27	1429.30
650.46	1420.36
650.65	1419.43
650.84	1420.92
651.03	1427.99
651.22	1442.51
651.41	1462.44
651.60	1476.77
651.79	1486.08
651.98	1503.95
652.17	1515.87
652.36	1531.32
652.55	1548.82
652.74	1562.79
652.92	1574.89
653.11	1586.80
653.30	1595.18
653.49	1606.72
653.68	1626.83
653.87	1684.18
654.06	1922.86
654.25	2708.16
654.44	4162.78
654.63	6355.96
654.82	9366.11
655.01	12976.86
655.20	16977.47
655.39	20984.23
655.58	24792.90
655.77	28319.68
655.96	31515.07
656.15	34378.32
656.34	36541.35
656.53	37864.15
656.72	38183.07
656.91	37328.51
657.10	35528.72
657.29	32948.65
657.48	30031.79
657.67	27020.53
657.86	24055.07
658.04	21224.22
658.23	18393.18
658.42	15622.09
658.61	12958.24
658.80	10529.91
658.99	8432.23
659.18	6658.32
659.37	5251.55
659.56	4170.97
659.75	3372.63
659.94	2802.92
660.13	2388.68
660.32	2109.78
660.51	1930.30
660.69	1809.47
660.88	1723.83
661.07	1655.69
661.26	1615.10
661.45	1586.80
661.64	1566.51
661.83	1545.66
662.02	1527.04
662.21	1509.35
662.40	1497.62
662.59	1485.34
662.78	1472.86
662.96	1461.69
663.15	1449.40
663.34	1437.67
663.53	1434.14
663.72	1420.92
663.91	1413.47
664.10	1403.23
664.29	1396.34
664.48	1397.09
664.66	1388.34
664.85	1384.99
665.04	1379.59
665.23	1381.08
665.42	1377.54
665.61	1371.39
665.80	1371.39
665.99	1371.39
666.18	1374.75
666.36	1379.59
666.55	1374.75
666.74	1375.49
666.93	1374.19
667.12	1374.19
667.31	1370.28
667.50	1364.69
667.69	1361.71
667.87	1355.94
668.06	1353.52
668.25	1347.94
668.44	1345.52
668.63	1342.91
668.82	1342.16
669.01	1341.23
669.19	1336.95
669.38	1334.72
669.57	1331.55
669.76	1328.20
669.95	1330.99
670.14	1328.01
670.32	1328.20
670.51	1324.29
670.70	1323.55
670.89	1318.71
671.08	1316.10
671.27	1313.68
671.46	1313.49
671.64	1316.84
671.83	1322.24
672.02	1325.04
672.21	1323.92
672.40	1319.45
672.59	1311.44
672.77	1311.07
672.96	1315.35
673.15	1313.68
673.34	1314.61
673.53	1311.26
673.71	1312.75
673.90	1313.68
674.09	1312.19
674.28	1317.77
674.47	1321.68
674.66	1325.97
674.84	1324.48
675.03	1328.39
675.22	1329.69
675.41	1328.95
675.60	1332.67
675.78	1336.77
675.97	1340.12
676.16	1341.23
676.35	1334.16
676.54	1333.23
676.72	1335.46
676.91	1339.19
677.10	1334.34
677.29	1338.44
677.47	1335.46
677.66	1338.07
677.85	1333.60
678.04	1323.36
678.23	1320.01
678.41	1322.62
678.60	1324.66
678.79	1318.52
678.98	1314.80
679.17	1314.98
679.35	1312.93
679.54	1309.96
679.73	1309.77
679.92	1305.86
680.10	1305.11
680.29	1304.00
680.48	1301.20
680.67	1297.85
680.85	1308.09
681.04	1309.77
681.23	1310.89
681.42	1311.82
681.60	1321.50
681.79	1317.40
681.98	1318.15
682.17	1317.03
682.35	1320.20
682.54	1325.22
682.73	1330.81
682.92	1319.45
683.10	1322.43
683.29	1317.22
683.48	1312.56
683.67	1308.28
683.85	1309.96
684.04	1316.29
684.23	1320.94
684.42	1316.29
684.60	1314.24
684.79	1309.96
684.98	1314.98
685.16	1308.65
685.35	1314.80
685.54	1318.15
685.73	1314.98
685.91	1319.08
686.10	1313.12
686.29	1314.98
686.48	1315.35
686.66	1312.93
686.85	1311.82
687.04	1316.29
687.22	1319.64
687.41	1318.89
687.60	1316.66
687.78	1317.77
687.97	1316.84
688.16	1315.17
688.35	1316.47
688.53	1317.77
688.72	1317.59
688.91	1317.96
689.09	1316.47
689.28	1317.03
689.47	1310.51
689.65	1310.33
689.84	1313.87
690.03	1313.31
690.22	1316.66
690.40	1312.56
690.59	1314.05
690.78	1312.56
690.96	1308.65
691.15	1305.67
691.34	1306.79
691.52	1307.72
691.71	1306.79
691.90	1305.86
692.08	1302.69
692.27	1307.35
692.46	1304.56
692.64	1298.41
692.83	1295.81
693.02	1299.16
693.20	1295.25
693.39	1290.78
693.58	1290.41
693.76	1290.41
693.95	1289.29
694.14	1290.59
694.32	1287.43
694.51	1288.73
694.70	1295.99
694.88	1294.87
695.07	1286.50
695.25	1295.62
695.44	1296.74
695.63	1298.97
695.81	1302.88
696.00	1302.14
696.19	1300.83
696.37	1296.92
696.56	1298.78
696.75	1297.30
696.93	1301.95
697.12	1313.68
697.30	1304.00
697.49	1305.67
697.68	1307.53
697.86	1299.90
698.05	1301.95
698.24	1299.34
698.42	1300.09
698.61	1301.95
698.79	1307.53
698.98	1310.33
699.17	1311.44
699.35	1314.42
699.54	1307.53
699.72	1308.28
699.91	1308.84
700.10	1310.14
700.28	1315.91
700.47	1316.66
700.65	1313.12
700.84	1300.65
701.03	1300.27
701.21	1291.90
701.40	1292.45
701.58	1300.65
701.77	1298.41
701.96	1293.57
702.14	1294.32
702.33	1285.19
702.51	1284.08
702.70	1281.28
702.89	1284.82
703.07	1282.59
703.26	1280.17
703.44	1281.66
703.63	1282.40
703.81	1283.89
704.00	1293.94
704.19	1290.22
704.37	1296.92
704.56	1294.32
704.74	1301.02
704.93	1296.55
705.11	1296.92
705.30	1300.65
705.49	1298.41
705.67	1294.69
705.86	1297.85
706.04	1295.25
706.23	1295.43
706.41	1297.30
706.60	1305.49
706.78	1302.32
706.97	1312.75
707.16	1306.98
707.34	1311.63
707.53	1311.26
707.71	1313.31
707.90	1308.84
708.08	1312.93
708.27	1312.19
708.45	1307.91
708.64	1302.69
708.82	1300.27
709.01	1293.39
709.19	1292.45
709.38	1288.73
709.56	1297.11
709.75	1295.25
709.94	1294.50
710.12	1297.85
710.31	1300.09
710.49	1303.63
710.68	1303.63
710.86	1302.88
711.05	1301.95
711.23	1305.67
711.42	1305.11
711.60	1299.34
711.79	1294.69
711.97	1296.18
712.16	1290.22
712.34	1295.06
712.53	1290.78
712.71	1295.25
712.90	1305.11
713.08	1308.65
713.27	1313.31
713.45	1316.84
713.64	1314.24
713.82	1314.61
714.01	1312.19
714.19	1311.07
714.38	1306.79
714.56	1309.21
714.75	1308.84
714.93	1299.16
715.12	1296.55
715.30	1299.90
715.49	1298.41
715.67	1299.16
715.85	1301.39
716.04	1301.02
716.22	1295.99
716.41	1291.15
716.59	1293.39
716.78	1287.06
716.96	1290.78
717.15	1297.11
717.33	1295.25
717.52	1295.25
717.70	1299.34
717.89	1300.46
718.07	1299.16
718.25	1298.60
718.44	1303.07
718.62	1301.20
718.81	1296.74
718.99	1299.53
719.18	1293.57
719.36	1285.57
719.55	1282.21
719.73	1282.40
719.92	1284.08
720.10	1288.17
720.28	1293.57
720.47	1292.27
720.65	1294.32
720.84	1302.32
721.02	1298.23
721.21	1299.16
721.39	1300.83
721.57	1298.23
721.76	1298.41
721.94	1299.90
722.13	1300.09
722.31	1301.20
722.50	1298.78
722.68	1298.78
722.86	1300.27
723.05	1299.72
723.23	1302.69
723.42	1305.67
723.60	1312.56
723.78	1307.72
723.97	1305.86
724.15	1304.74
724.34	1303.44
724.52	1304.37
724.70	1303.63
724.89	1298.23
725.07	1289.10
725.26	1291.90
725.44	1293.76
725.62	1293.94
725.81	1298.41
725.99	1297.11
726.18	1301.58
726.36	1309.21
726.54	1317.40
726.73	1311.63
726.91	1311.82
727.10	1328.01
727.28	1322.99
727.46	1320.75
727.65	1318.89
727.83	1320.75
728.01	1322.43
728.20	1319.82
728.38	1313.68
728.57	1305.30
728.75	1303.81
728.93	1307.91
729.12	1300.46
729.30	1298.78
729.48	1295.62
729.67	1294.32
729.85	1294.13
730.03	1292.27
730.22	1286.12
730.40	1285.19
730.58	1286.87
730.77	1292.83
730.95	1288.92
731.13	1292.45
731.32	1298.41
731.50	1302.51
731.69	1305.49
731.87	1298.60
732.05	1297.67
732.24	1301.02
732.42	1299.72
732.60	1303.07
732.79	1305.49
732.97	1307.16
733.15	1307.16
733.34	1300.65
733.52	1302.69
733.70	1301.39
733.89	1306.23
734.07	1311.26
734.25	1311.26
734.43	1318.71
734.62	1316.10
734.80	1313.68
734.98	1317.59
735.17	1315.73
735.35	1320.01
735.53	1322.43
735.72	1321.87
735.90	1315.54
736.08	1310.33
736.27	1306.98
736.45	1299.90
736.63	1297.67
736.81	1299.72
737.00	1302.69
737.18	1299.72
737.36	1295.81
737.55	1287.99
737.73	1294.32
737.91	1291.71
738.10	1296.74
738.28	1296.74
738.46	1298.60
738.64	1296.74
738.83	1287.24
739.01	1284.63
739.19	1288.17
739.38	1286.12
739.56	1292.27
739.74	1284.63
739.92	1289.48
740.11	1284.26
740.29	1288.92
740.47	1293.76
740.65	1294.87
740.84	1307.35
741.02	1305.49
741.20	1301.95
741.38	1300.83
741.57	1301.58
741.75	1304.74
741.93	1303.44
742.11	1299.16
742.30	1294.13
742.48	1290.97
742.66	1290.78
742.84	1287.24
743.03	1286.87
743.21	1292.08
743.39	1297.67
743.57	1288.92
743.76	1284.08
743.94	1290.03
744.12	1292.27
744.30	1302.14
744.49	1297.67
744.67	1296.74
744.85	1297.30
745.03	1295.62
745.22	1293.39
745.40	1294.32
745.58	1300.27
745.76	1305.49
745.94	1304.93
746.13	1306.79
746.31	1301.76
746.49	1305.86
746.67	1313.49
746.86	1309.02
747.04	1308.65
747.22	1309.96
747.40	1309.40
747.58	1304.74
747.77	1300.83
747.95	1300.27
748.13	1303.25
748.31	1304.00
748.49	1298.23
748.68	1289.10
748.86	1292.27
749.04	1290.03
749.22	1288.36
749.40	1287.80
749.59	1295.99
749.77	1297.48
749.95	1295.99
750.13	1294.87
750.31	1294.32
750.49	1298.23
750.68	1305.86
750.86	1303.63
751.04	1312.00
751.22	1315.73
751.40	1317.22
751.59	1311.07
751.77	1308.65
751.95	1309.40
752.13	1310.89
752.31	1312.93
752.49	1310.14
752.68	1310.51
752.86	1308.47
753.04	1302.69
753.22	1298.97
753.40	1299.34
753.58	1300.65
753.76	1305.49
753.95	1303.25
754.13	1297.48
754.31	1294.32
754.49	1293.20
754.67	1292.08
754.85	1295.06
755.04	1291.71
755.22	1292.08
755.40	1289.48
755.58	1290.59
755.76	1282.59
755.94	1279.98
756.12	1284.63
756.30	1285.57
756.49	1290.22
756.67	1287.99
756.85	1290.78
757.03	1298.41
757.21	1296.74
757.39	1294.32
757.57	1288.73
757.75	1292.64
757.94	1300.65
758.12	1301.02
758.30	1301.20
758.48	1299.34
758.66	1298.04
758.84	1297.30
759.02	1290.78
759.20	1288.54
759.38	1295.25
759.57	1297.48
759.75	1297.67
759.93	1293.94
760.11	1295.81
760.29	1293.76
760.47	1295.25
760.65	1295.43
760.83	1299.53
761.01	1301.76
761.19	1309.21
761.38	1309.77
761.56	1312.56
761.74	1318.15
761.92	1320.57
762.10	1313.12
762.28	1313.31
762.46	1311.82
762.64	1314.24
762.82	1313.31
763.00	1314.98
763.18	1311.26
763.36	1304.00
763.54	1300.65
763.73	1300.65
763.91	1297.48
764.09	1302.69
764.27	1304.18
764.45	1305.11
764.63	1301.95
764.81	1303.25
764.99	1306.98
765.17	1307.91
765.35	1303.25
765.53	1303.63
765.71	1299.90
765.89	1298.41
766.07	1298.41
766.25	1298.78
766.43	1296.92
766.61	1297.48
766.79	1290.22
766.98	1284.82
767.16	1282.40
767.34	1292.08
767.52	1286.68
767.70	1290.22
767.88	1290.78
768.06	1291.34
768.24	1285.01
768.42	1287.99
768.60	1294.13
768.78	1295.62
768.96	1296.18
769.14	1296.74
769.32	1290.59
769.50	1299.90
769.68	1295.06
769.86	1292.64
770.04	1293.20
770.22	1294.32
770.40	1297.30
770.58	1290.03
770.76	1286.31
770.94	1282.21
771.12	1287.99
771.30	1283.15
771.48	1280.73
771.66	1281.28
771.84	1285.38
772.02	1278.68
772.20	1282.77
772.38	1277.93
772.56	1278.49
772.74	1280.54
772.92	1284.82
773.10	1285.94
773.28	1292.45
773.46	1291.71
773.64	1291.15
773.82	1289.29
774.00	1296.18
774.18	1292.08
774.36	1291.15
774.54	1296.36
774.72	1297.67
774.90	1291.71
775.08	1290.03
775.26	1289.66
775.44	1288.92
775.62	1289.29
775.80	1285.75
775.97	1279.05
776.15	1277.00
776.33	1279.42
776.51	1275.88
776.69	1275.51
776.87	1282.77
777.05	1283.52
777.23	1283.89
777.41	1289.10
777.59	1294.87
777.77	1303.25
777.95	1312.38
778.13	1317.77
778.31	1315.54
778.49	1319.64
778.67	1320.94
778.85	1318.52
779.03	1317.96
779.21	1319.08
779.38	1315.54
779.56	1316.84
779.74	1314.05
779.92	1305.30
780.10	1304.74
780.28	1314.42
780.46	1305.30
780.64	1302.69
780.82	1305.67
781.00	1298.97
781.18	1297.85
781.36	1297.85
781.53	1293.76
781.71	1291.90
781.89	1296.55
782.07	1298.41
782.25	1283.52
782.43	1290.59
782.61	1294.13
782.79	1301.39
782.97	1312.00
783.15	1312.56
783.33	1312.56
783.50	1319.64
783.68	1319.26
783.86	1318.89
784.04	1316.47
784.22	1326.90
784.40	1321.31
784.58	1316.66
784.76	1306.05
784.94	1297.30
785.11	1301.95
785.29	1303.25
785.47	1291.71
785.65	1293.01
785.83	1289.48
786.01	1294.13
786.19	1287.61
786.37	1288.92
786.54	1294.32
786.72	1294.50
786.90	1293.76
787.08	1290.41
787.26	1287.06
787.44	1293.76
787.62	1293.57
787.79	1293.76
787.97	1292.83
788.15	1299.72
788.33	1303.07
788.51	1306.60
788.69	1312.00
788.87	1308.65
789.04	1308.47
789.22	1309.02
789.40	1299.90
789.58	1296.74
789.76	1300.46
789.94	1293.76
790.11	1287.06
790.29	1291.71
790.47	1287.43
790.65	1278.30
790.83	1281.47
791.01	1280.91
791.18	1284.08
791.36	1285.19
791.54	1284.45
791.72	1284.63
791.90	1286.50
792.07	1286.87
792.25	1276.63
792.43	1275.88
792.61	1275.51
792.79	1277.93
792.97	1275.14
793.14	1269.00
793.32	1275.51
793.50	1282.21
793.68	1286.87
793.86	1290.97
794.03	1301.02
794.21	1305.49
794.39	1304.18
794.57	1307.16
794.75	1306.79
794.92	1310.51
795.10	1318.15
795.28	1314.42
795.46	1317.40
795.64	1308.47
795.81	1308.84
795.99	1299.53
796.17	1298.41
796.35	1300.09
796.52	1302.14
796.70	1296.92
796.88	1299.16
797.06	1292.27
797.24	1301.20
797.41	1294.50
797.59	1292.27
797.77	1288.92
797.95	1288.92
798.12	1290.22
798.30	1287.24
798.48	1291.34
798.66	1300.65
798.83	1301.95
799.01	1307.53
799.19	1300.09
799.37	1300.27
799.54	1306.23
799.72	1306.42
799.90	1309.21
800.08	1303.25
800.25	1305.67
800.43	1302.14
800.61	1293.39
800.79	1295.06
800.96	1292.64
801.14	1287.61
801.32	1286.50
801.50	1285.57
801.67	1284.45
801.85	1285.75
802.03	1293.57
802.21	1293.76
802.38	1293.94
802.56	1295.43
802.74	1288.54
802.91	1289.66
803.09	1294.69
803.27	1293.57
803.45	1298.60
803.62	1294.87
803.80	1289.10
803.98	1289.66
804.15	1289.85
804.33	1282.96
804.51	1285.01
804.69	1292.27
804.86	1289.85
805.04	1291.71
805.22	1296.18
805.39	1290.59
805.57	1296.74
805.75	1302.69
805.92	1300.46
806.10	1293.76
806.28	1298.04
806.45	1302.51
806.63	1296.18
806.81	1299.72
806.99	1302.14
807.16	1300.46
807.34	1306.60
807.52	1304.18
807.69	1299.53
807.87	1302.69
808.05	1308.84
808.22	1307.35
808.40	1301.58
808.58	1305.49
808.75	1307.16
808.93	1304.93
809.11	1312.19
809.28	1306.60
809.46	1312.75
809.64	1311.63
809.81	1308.09
809.99	1307.91
810.17	1311.63
810.34	1317.59
810.52	1313.12
810.70	1311.82
810.87	1307.91
811.05	1298.60
811.22	1300.83
811.40	1294.32
811.58	1298.41
811.75	1296.55
811.93	1301.20
812.11	1299.90
812.28	1292.45
812.46	1294.87
812.64	1290.22
812.81	1286.87
812.99	1288.54
813.16	1283.33
813.34	1282.77
813.52	1285.75
813.69	1287.43
813.87	1279.42
814.05	1279.79
814.22	1281.84
814.40	1276.26
814.57	1282.21
814.75	1286.50
814.93	1289.85
815.10	1293.01
815.28	1299.34
815.46	1297.30
815.63	1299.16
815.81	1301.39
815.98	1300.65
816.16	1295.99
816.34	1300.65
816.51	1297.48
816.69	1299.16
816.86	1295.99
817.04	1288.73
817.21	1286.50
817.39	1282.59
817.57	1277.93
817.74	1278.86
817.92	1277.75
818.09	1281.84
818.27	1281.84
818.45	1282.96
818.62	1283.33
818.80	1281.84
818.97	1285.57
819.15	1282.96
819.32	1286.31
819.50	1289.66
819.68	1290.78
819.85	1292.64
820.03	1293.57
820.20	1295.99
820.38	1297.48
820.55	1293.39
820.73	1301.58
820.91	1303.44
821.08	1302.88
821.26	1298.78
821.43	1298.41
821.61	1295.81
821.78	1294.32
821.96	1290.41
822.13	1286.31
822.31	1281.84
822.48	1288.54
822.66	1290.03
822.84	1286.50
823.01	1290.78
823.19	1293.94
823.36	1293.01
823.54	1287.24
823.71	1295.62
823.89	1298.78
824.06	1294.50
824.24	1294.87
824.41	1291.34
824.59	1285.57
824.76	1290.22
824.94	1285.38
825.11	1283.15
825.29	1283.15
825.46	1289.66
825.64	1287.24
825.81	1288.17
825.99	1292.45
826.16	1293.01
826.34	1289.66
826.52	1285.75
826.69	1292.64
826.87	1295.06
827.04	1293.20
827.22	1295.99
827.39	1294.13
827.57	1292.27
827.74	1291.71
827.91	1287.24
828.09	1284.82
828.26	1285.57
828.44	1288.73
828.61	1286.87
828.79	1286.68
828.96	1288.36
829.14	1286.68
829.31	1288.92
829.49	1289.85
829.66	1290.78
829.84	1296.92
830.01	1299.34
830.19	1300.65
830.36	1300.09
830.54	1293.01
830.71	1294.50
830.89	1297.30
831.06	1293.57
831.24	1293.94
831.41	1294.50
831.58	1296.36
831.76	1293.20
831.93	1297.85
832.11	1299.16
832.28	1300.27
832.46	1303.81
832.63	1301.02
832.81	1298.23
832.98	1303.44
833.16	1304.74
833.33	1302.14
833.50	1297.67
833.68	1299.90
833.85	1295.43
834.03	1292.45
834.20	1293.20
834.38	1288.54
834.55	1287.80
834.72	1288.92
834.90	1285.94
835.07	1284.63
835.25	1286.87
835.42	1290.22
835.60	1290.22
835.77	1292.08
835.94	1294.13
836.12	1294.13
836.29	1297.30
836.47	1296.36
836.64	1304.18
836.81	1303.63
836.99	1298.78
837.16	1295.06
837.34	1292.45
837.51	1283.33
837.68	1277.37
837.86	1277.37
838.03	1274.58
838.21	1276.07
838.38	1282.03
838.55	1278.12
838.73	1278.30
838.90	1281.84
839.08	1278.30
839.25	1278.68
839.42	1288.54
839.60	1294.13
839.77	1295.62
839.95	1298.41
840.12	1295.62
840.29	1296.55
840.47	1294.69
840.64	1298.41
840.81	1298.41
840.99	1295.99
841.16	1293.76
841.34	1289.48
841.51	1288.36
841.68	1290.97
841.86	1287.06
842.03	1290.59
842.20	1282.77
842.38	1284.45
842.55	1285.01
842.72	1290.97
842.90	1298.41
843.07	1302.14
843.24	1308.84
843.42	1301.95
843.59	1296.92
843.77	1298.97
843.94	1294.69
844.11	1302.88
844.29	1300.27
844.46	1296.18
844.63	1291.71
844.81	1290.78
844.98	1291.34
845.15	1291.71
845.33	1296.92
845.50	1297.85
845.67	1294.69
845.85	1300.83
846.02	1295.06
846.19	1295.99
846.37	1299.34
846.54	1297.11
846.71	1296.18
846.88	1300.83
847.06	1295.99
847.23	1295.99
847.40	1300.27
847.58	1299.16
847.75	1303.25
847.92	1304.56
848.10	1305.30
848.27	1303.63
848.44	1306.05
848.62	1305.86
848.79	1298.60
848.96	1295.43
849.13	1298.41
849.31	1291.52
849.48	1292.08
849.65	1288.92
849.83	1291.34
850.00	1289.29
850.17	1289.10
850.34	1292.27
850.52	1294.13
850.69	1298.04
850.86	1302.32
851.04	1301.95
851.21	1305.11
851.38	1308.28
851.55	1303.81
851.73	1302.14
851.90	1297.30
852.07	1290.59
852.24	1284.08
852.42	1283.89
852.59	1278.30
852.76	1275.33
852.93	1273.09
853.11	1269.74
853.28	1269.18
853.45	1270.67
853.62	1273.09
853.80	1273.46
853.97	1284.82
854.14	1283.33
854.31	1278.68
854.49	1285.38
854.66	1286.68
854.83	1286.31
855.00	1291.52
855.18	1291.15
855.35	1285.57
855.52	1279.61
855.69	1286.12
855.87	1282.59
856.04	1289.85
856.21	1294.87
856.38	1293.20
856.56	1302.32
856.73	1302.14
856.90	1295.62
857.07	1296.18
857.24	1295.25
857.42	1302.32
857.59	1303.07
857.76	1305.30
857.93	1301.76
858.10	1298.60
858.28	1294.69
858.45	1285.19
858.62	1287.06
858.79	1294.50
858.96	1295.06
859.14	1298.97
859.31	1297.48
859.48	1293.39
859.65	1287.99
859.82	1289.66
860.00	1291.15
860.17	1293.39
860.34	1300.83
860.51	1299.53
860.68	1301.39
860.86	1296.92
861.03	1291.90
861.20	1296.74
861.37	1298.78
861.54	1302.14
861.71	1304.18
861.89	1304.18
862.06	1304.93
862.23	1304.37
862.40	1303.07
862.57	1295.99
862.74	1302.88
862.92	1310.70
863.09	1305.49
863.26	1298.41
863.43	1294.69
863.60	1288.17
863.77	1290.41
863.95	1286.12
864.12	1280.35
864.29	1277.75
864.46	1278.30
864.63	1276.63
864.80	1270.11
864.97	1267.88
865.15	1270.86
865.32	1272.35
865.49	1274.40
865.66	1269.93
865.83	1272.72
866.00	1277.56
866.17	1286.50
866.35	1289.29
866.52	1284.63
866.69	1289.66
866.86	1281.47
867.03	1281.66
867.20	1278.86
867.37	1278.68
867.54	1281.10
867.72	1282.40
867.89	1279.98
868.06	1276.63
868.23	1275.70
868.40	1280.17
868.57	1281.84
868.74	1291.71
868.91	1297.85
869.08	1302.88
869.26	1301.76
869.43	1293.94
869.60	1293.57
869.77	1289.85
869.94	1289.85
870.11	1289.48
870.28	1295.62
870.45	1293.76
870.62	1291.90
870.79	1289.48
870.96	1285.94
871.14	1291.34
871.31	1301.58
871.48	1298.60
871.65	1299.72
871.82	1302.69
871.99	1302.88
872.16	1301.58
872.33	1295.06
872.50	1295.81
872.67	1294.32
872.84	1297.48
873.01	1298.04
873.18	1290.59
873.35	1295.81
873.53	1299.90
873.70	1300.27
873.87	1298.41
874.04	1289.48
874.21	1298.41
874.38	1297.30
874.55	1297.67
874.72	1299.53
874.89	1298.97
875.06	1301.02
875.23	1297.67
875.40	1291.34
875.57	1287.06
875.74	1285.38
875.91	1284.08
876.08	1287.61
876.25	1286.31
876.42	1284.63
876.59	1282.21
876.76	1280.91
876.93	1284.26
877.10	1286.31
877.27	1288.92
877.44	1294.13
877.61	1296.36
877.79	1296.92
877.96	1289.10
878.13	1287.99
878.30	1288.92
878.47	1284.26
878.64	1284.08
878.81	1279.61
878.98	1277.93
879.15	1277.56
879.32	1270.11
879.49	1270.30
879.66	1276.44
879.83	1276.07
880.00	1279.42
880.17	1278.30
880.34	1284.63
880.51	1282.59
880.68	1287.43
880.85	1286.50
881.02	1295.06
881.19	1295.06
881.36	1294.69
881.53	1290.22
881.69	1294.50
881.86	1296.55
882.03	1301.20
882.20	1298.60
882.37	1299.16
882.54	1297.85
882.71	1300.83
882.88	1292.27
883.05	1292.27
883.22	1288.17
883.39	1293.20
883.56	1290.41
883.73	1286.50
883.90	1288.36
884.07	1288.36
884.24	1291.52
884.41	1290.97
884.58	1290.59
884.75	1291.71
884.92	1294.87
885.09	1300.09
885.26	1298.97
885.43	1302.69
885.60	1305.49
885.77	1299.34
885.93	1300.65
886.10	1302.69
886.27	1303.44
886.44	1300.09
886.61	1298.41
886.78	1296.74
886.95	1298.97
887.12	1296.74
887.29	1301.39
887.46	1296.55
887.63	1294.87
887.80	1294.69
887.97	1289.29
888.14	1291.52
888.30	1295.06
888.47	1295.25
888.64	1293.20
888.81	1292.83
888.98	1295.99
889.15	1286.12
889.32	1288.54
889.49	1287.06
889.66	1280.73
889.83	1275.33
890.00	1274.02
890.16	1271.97
890.33	1273.28
890.50	1275.70
890.67	1275.70
890.84	1264.90
891.01	1286.12
891.18	1288.17
891.35	1284.08
891.52	1306.60
891.68	1204.21
