175.94	1273.84
176.16	1273.84
176.38	1273.84
176.61	1349.61
176.83	1269.74
177.05	1325.04
177.27	1294.32
177.49	1257.45
177.71	1327.08
177.93	1261.55
178.15	1251.31
178.37	1288.17
178.59	1366.00
178.81	1322.99
179.03	1312.75
179.25	1310.70
179.47	1335.28
179.69	1292.27
179.91	1353.71
180.13	1286.12
180.35	1269.74
180.58	1304.56
180.80	1245.16
181.02	1273.84
181.24	1355.76
181.46	1310.70
181.68	1294.32
181.90	1300.46
182.12	1298.41
182.34	1322.99
182.56	1259.50
182.78	1306.60
183.00	1234.93
183.22	1294.32
183.44	1265.64
183.66	1327.08
183.88	1333.23
184.10	1363.95
184.32	1345.52
184.54	1279.98
184.76	1290.22
184.98	1275.88
185.20	1232.88
185.42	1339.37
185.64	1296.36
185.86	1245.16
186.08	1380.33
186.30	1290.22
186.52	1302.51
186.74	1290.22
186.96	1314.80
187.18	1302.51
187.40	1331.18
187.62	1374.19
187.84	1302.51
188.06	1335.28
188.28	1302.51
188.50	1271.79
188.72	1308.65
188.94	1322.99
189.16	1255.40
189.38	1322.99
189.60	1267.69
189.82	1308.65
190.04	1282.03
190.26	1288.17
190.48	1306.60
190.70	1310.70
190.92	1308.65
191.14	1269.74
191.36	1308.65
191.58	1314.80
191.80	1210.35
192.02	1275.88
192.24	1351.66
192.46	1271.79
192.68	1331.18
192.90	1310.70
193.12	1318.89
193.34	1353.71
193.56	1333.23
193.78	1273.84
194.00	1249.26
194.22	1329.13
194.44	1290.22
194.66	1230.83
194.88	1310.70
195.10	1300.46
195.32	1302.51
195.54	1339.37
195.76	1277.93
195.98	1286.12
196.20	1284.08
196.42	1269.74
196.64	1306.60
196.86	1300.46
197.08	1347.56
197.30	1368.04
197.51	1331.18
197.73	1318.89
197.95	1296.36
198.17	1310.70
198.39	1282.03
198.61	1300.46
198.83	1357.80
199.05	1312.75
199.27	1333.23
199.49	1288.17
199.71	1251.31
199.93	1247.21
200.15	1292.27
200.37	1341.42
200.59	1339.37
200.81	1257.45
201.03	1263.60
201.25	1294.32
201.46	1267.69
201.68	1355.76
201.90	1282.03
202.12	1277.93
202.34	1316.84
202.56	1392.62
202.78	1333.23
203.00	1294.32
203.22	1363.95
203.44	1282.03
203.66	1255.40
203.88	1251.31
204.10	1310.70
204.31	1316.84
204.53	1335.28
204.75	1253.36
204.97	1288.17
205.19	1255.40
205.41	1282.03
205.63	1292.27
205.85	1257.45
206.07	1286.12
206.29	1339.37
206.51	1273.84
206.73	1234.93
206.94	1343.47
207.16	1327.08
207.38	1298.41
207.60	1241.07
207.82	1347.56
208.04	1372.14
208.26	1310.70
208.48	1335.28
208.70	1273.84
208.91	1286.12
209.13	1320.94
209.35	1312.75
209.57	1318.89
209.79	1236.97
210.01	1318.89
210.23	1271.79
210.45	1314.80
210.67	1288.17
210.88	1302.51
211.10	1335.28
211.32	1310.70
211.54	1316.84
211.76	1349.61
211.98	1308.65
212.20	1294.32
212.42	1267.69
212.63	1282.03
212.85	1325.04
213.07	1257.45
213.29	1368.04
213.51	1302.51
213.73	1288.17
213.95	1310.70
214.17	1294.32
214.38	1290.22
214.60	1335.28
214.82	1294.32
215.04	1282.03
215.26	1286.12
215.48	1302.51
215.70	1282.03
215.91	1376.24
216.13	1316.84
216.35	1218.54
216.57	1343.47
216.79	1314.80
217.01	1310.70
217.23	1325.04
217.44	1339.37
217.66	1343.47
217.88	1320.94
218.10	1322.99
218.32	1322.99
218.54	1312.75
218.75	1339.37
218.97	1308.65
219.19	1306.60
219.41	1257.45
219.63	1275.88
219.85	1316.84
220.06	1288.17
220.28	1312.75
220.50	1290.22
220.72	1300.46
220.94	1339.37
221.16	1335.28
221.37	1339.37
221.59	1396.71
221.81	1314.80
222.03	1273.84
222.25	1374.19
222.46	1322.99
222.68	1277.93
222.90	1257.45
223.12	1368.04
223.34	1300.46
223.56	1349.61
223.77	1322.99
223.99	1247.21
224.21	1322.99
224.43	1265.64
224.65	1333.23
224.86	1306.60
225.08	1312.75
225.30	1310.70
225.52	1333.23
225.74	1349.61
225.95	1433.58
226.17	1366.00
226.39	1265.64
226.61	1259.50
226.83	1361.90
227.04	1347.56
227.26	1277.93
227.48	1312.75
227.70	1300.46
227.92	1306.60
228.13	1296.36
228.35	1343.47
228.57	1314.80
228.79	1357.80
229.00	1306.60
229.22	1298.41
229.44	1327.08
229.66	1316.84
229.88	1396.71
230.09	1353.71
230.31	1337.32
230.53	1388.52
230.75	1284.08
230.96	1290.22
231.18	1355.76
231.40	1300.46
231.62	1355.76
231.84	1298.41
232.05	1329.13
232.27	1361.90
232.49	1259.50
232.71	1271.79
232.92	1312.75
233.14	1370.09
233.36	1382.38
233.58	1269.74
233.79	1322.99
234.01	1257.45
234.23	1351.66
234.45	1310.70
234.66	1265.64
234.88	1290.22
235.10	1304.56
235.32	1335.28
235.53	1263.60
235.75	1376.24
235.97	1259.50
236.19	1363.95
236.40	1310.70
236.62	1357.80
236.84	1318.89
237.06	1300.46
237.27	1302.51
237.49	1265.64
237.71	1312.75
237.92	1306.60
238.14	1322.99
238.36	1392.62
238.58	1310.70
238.79	1282.03
239.01	1339.37
239.23	1318.89
239.45	1384.43
239.66	1333.23
239.88	1306.60
240.10	1292.27
240.31	1325.04
240.53	1310.70
240.75	1351.66
240.97	1255.40
241.18	1359.85
241.40	1411.05
241.62	1331.18
241.83	1322.99
242.05	1331.18
242.27	1378.28
242.49	1302.51
242.70	1353.71
242.92	1349.61
243.14	1351.66
243.35	1322.99
243.57	1333.23
243.79	1351.66
244.00	1341.42
244.22	1355.76
244.44	1310.70
244.66	1372.14
244.87	1388.52
245.09	1355.76
245.31	1378.28
245.52	1370.09
245.74	1386.47
245.96	1402.86
246.17	1392.62
246.39	1421.29
246.61	1366.00
246.82	1447.91
247.04	1415.15
247.26	1474.54
247.47	1392.62
247.69	1535.98
247.91	1515.50
248.13	1525.74
248.34	1548.26
248.56	1585.13
248.78	1492.97
248.99	1529.83
249.21	1570.79
249.43	1558.50
249.64	1662.95
249.86	1609.70
250.08	1583.08
250.29	1722.34
250.51	1744.87
250.73	1740.77
250.94	1814.50
251.16	1908.71
251.37	2236.38
251.59	2912.21
251.81	5033.91
252.02	10575.71
252.24	17473.27
252.46	25110.14
252.67	29021.77
252.89	28874.31
253.11	24665.74
253.32	17233.66
253.54	10225.51
253.76	5480.36
253.97	3219.41
254.19	2318.30
254.41	2058.21
254.62	1898.47
254.84	1869.80
255.05	1732.58
255.27	1761.25
255.49	1705.96
255.70	1597.42
255.92	1595.37
256.14	1583.08
256.35	1568.74
256.57	1560.55
256.79	1505.26
257.00	1460.20
257.22	1525.74
257.43	1495.02
257.65	1449.96
257.87	1449.96
258.08	1441.77
258.30	1419.24
258.51	1372.14
258.73	1398.76
258.95	1486.83
259.16	1355.76
259.38	1404.91
259.60	1429.48
259.81	1400.81
260.03	1329.13
260.24	1372.14
260.46	1376.24
260.68	1394.67
260.89	1339.37
261.11	1386.47
261.32	1310.70
261.54	1425.39
261.76	1357.80
261.97	1357.80
262.19	1343.47
262.40	1341.42
262.62	1353.71
262.84	1366.00
263.05	1333.23
263.27	1370.09
263.48	1322.99
263.70	1345.52
263.91	1380.33
264.13	1411.05
264.35	1396.71
264.56	1402.86
264.78	1378.28
264.99	1310.70
265.21	1343.47
265.43	1355.76
265.64	1384.43
265.86	1372.14
266.07	1357.80
266.29	1314.80
266.50	1316.84
266.72	1335.28
266.94	1329.13
267.15	1363.95
267.37	1341.42
267.58	1357.80
267.80	1290.22
268.01	1355.76
268.23	1314.80
268.44	1374.19
268.66	1380.33
268.88	1279.98
269.09	1357.80
269.31	1327.08
269.52	1382.38
269.74	1333.23
269.95	1290.22
270.17	1345.52
270.38	1335.28
270.60	1370.09
270.82	1263.60
271.03	1320.94
271.25	1368.04
271.46	1339.37
271.68	1427.43
271.89	1322.99
272.11	1308.65
272.32	1282.03
272.54	1372.14
272.75	1296.36
272.97	1308.65
273.18	1355.76
273.40	1355.76
273.62	1347.56
273.83	1316.84
274.05	1347.56
274.26	1310.70
274.48	1382.38
274.69	1384.43
274.91	1298.41
275.12	1339.37
275.34	1370.09
275.55	1294.32
275.77	1286.12
275.98	1351.66
276.20	1337.32
276.41	1347.56
276.63	1343.47
276.84	1304.56
277.06	1343.47
277.27	1325.04
277.49	1325.04
277.70	1304.56
277.92	1304.56
278.13	1310.70
278.35	1347.56
278.56	1357.80
278.78	1282.03
278.99	1378.28
279.21	1423.34
279.42	1353.71
279.64	1380.33
279.85	1345.52
280.07	1286.12
280.28	1312.75
280.50	1282.03
280.71	1318.89
280.93	1322.99
281.14	1316.84
281.36	1378.28
281.57	1376.24
281.79	1302.51
282.00	1325.04
282.22	1318.89
282.43	1343.47
282.65	1255.40
282.86	1288.17
283.08	1325.04
283.29	1314.80
283.51	1337.32
283.72	1290.22
283.94	1327.08
284.15	1304.56
284.36	1234.93
284.58	1273.84
284.79	1347.56
285.01	1269.74
285.22	1349.61
285.44	1333.23
285.65	1347.56
285.87	1273.84
286.08	1322.99
286.30	1306.60
286.51	1357.80
286.73	1372.14
286.94	1368.04
287.15	1314.80
287.37	1329.13
287.58	1370.09
287.80	1292.27
288.01	1290.22
288.23	1370.09
288.44	1421.29
288.66	1400.81
288.87	1445.87
289.08	1390.57
289.30	1318.89
289.51	1325.04
289.73	1257.45
289.94	1355.76
290.16	1339.37
290.37	1353.71
290.58	1302.51
290.80	1343.47
291.01	1322.99
291.23	1318.89
291.44	1347.56
291.66	1251.31
291.87	1339.37
292.08	1292.27
292.30	1347.56
292.51	1366.00
292.73	1296.36
292.94	1316.84
293.16	1286.12
293.37	1341.42
293.58	1279.98
293.80	1320.94
294.01	1325.04
294.23	1368.04
294.44	1372.14
294.65	1298.41
294.87	1380.33
295.08	1337.32
295.30	1452.01
295.51	1624.04
295.72	1716.20
295.94	1832.93
296.15	1869.80
296.37	1847.27
296.58	1753.06
296.79	1644.52
297.01	1492.97
297.22	1425.39
297.44	1394.67
297.65	1325.04
297.86	1345.52
298.08	1296.36
298.29	1388.52
298.51	1355.76
298.72	1343.47
298.93	1320.94
299.15	1322.99
299.36	1290.22
299.57	1333.23
299.79	1286.12
300.00	1267.69
300.22	1296.36
300.43	1341.42
300.64	1271.79
300.86	1398.76
301.07	1456.11
301.28	1474.54
301.50	1441.77
301.71	1488.87
301.93	1521.64
302.14	1417.19
302.35	1380.33
302.57	1347.56
302.78	1370.09
302.99	1333.23
303.21	1347.56
303.42	1343.47
303.63	1306.60
303.85	1302.51
304.06	1325.04
304.28	1308.65
304.49	1355.76
304.70	1292.27
304.92	1314.80
305.13	1347.56
305.34	1296.36
305.56	1318.89
305.77	1322.99
305.98	1298.41
306.20	1333.23
306.41	1298.41
306.62	1265.64
306.84	1345.52
307.05	1380.33
307.26	1372.14
307.48	1341.42
307.69	1273.84
307.90	1337.32
308.12	1355.76
308.33	1331.18
308.54	1279.98
308.76	1312.75
308.97	1273.84
309.18	1394.67
309.40	1286.12
309.61	1370.09
309.82	1308.65
310.04	1359.85
310.25	1349.61
310.46	1316.84
310.67	1339.37
310.89	1445.87
311.10	1462.25
311.31	1689.57
311.53	1851.36
311.74	2205.66
311.95	2437.08
312.17	2553.82
312.38	2887.64
312.59	2736.09
312.81	2656.22
313.02	2461.66
313.23	2240.48
313.44	2021.35
313.66	1738.73
313.87	1601.51
314.08	1466.35
314.30	1429.48
314.51	1384.43
314.72	1353.71
314.93	1312.75
315.15	1406.95
315.36	1341.42
315.57	1286.12
315.79	1329.13
316.00	1306.60
316.21	1273.84
316.42	1306.60
316.64	1288.17
316.85	1384.43
317.06	1349.61
317.28	1333.23
317.49	1343.47
317.70	1325.04
317.91	1282.03
318.13	1345.52
318.34	1308.65
318.55	1316.84
318.76	1366.00
318.98	1351.66
319.19	1255.40
319.40	1322.99
319.62	1343.47
319.83	1351.66
320.04	1355.76
320.25	1388.52
320.47	1347.56
320.68	1300.46
320.89	1343.47
321.10	1290.22
321.32	1359.85
321.53	1308.65
321.74	1294.32
321.95	1351.66
322.17	1282.03
322.38	1273.84
322.59	1263.60
322.80	1251.31
323.02	1339.37
323.23	1366.00
323.44	1333.23
323.65	1292.27
323.86	1329.13
324.08	1325.04
324.29	1298.41
324.50	1282.03
324.71	1386.47
324.93	1335.28
325.14	1236.97
325.35	1243.12
325.56	1378.28
325.78	1329.13
325.99	1292.27
326.20	1286.12
326.41	1322.99
326.62	1335.28
326.84	1318.89
327.05	1382.38
327.26	1273.84
327.47	1331.18
327.69	1277.93
327.90	1345.52
328.11	1357.80
328.32	1329.13
328.53	1261.55
328.75	1298.41
328.96	1282.03
329.17	1347.56
329.38	1292.27
329.59	1347.56
329.81	1331.18
330.02	1322.99
330.23	1318.89
330.44	1265.64
330.65	1294.32
330.87	1331.18
331.08	1306.60
331.29	1277.93
331.50	1277.93
331.71	1294.32
331.92	1320.94
332.14	1288.17
332.35	1306.60
332.56	1273.84
332.77	1394.67
332.98	1316.84
333.20	1404.91
333.41	1347.56
333.62	1435.63
333.83	1523.69
334.04	1363.95
334.25	1470.44
334.47	1355.76
334.68	1343.47
334.89	1333.23
335.10	1357.80
335.31	1345.52
335.52	1322.99
335.74	1273.84
335.95	1279.98
336.16	1298.41
336.37	1312.75
336.58	1279.98
336.79	1279.98
337.01	1273.84
337.22	1343.47
337.43	1329.13
337.64	1339.37
337.85	1269.74
338.06	1331.18
338.28	1316.84
338.49	1325.04
338.70	1290.22
338.91	1249.26
339.12	1282.03
339.33	1331.18
339.54	1331.18
339.76	1269.74
339.97	1378.28
340.18	1302.51
340.39	1327.08
340.60	1277.93
340.81	1316.84
341.02	1347.56
341.23	1220.59
341.45	1357.80
341.66	1267.69
341.87	1359.85
342.08	1318.89
342.29	1294.32
342.50	1357.80
342.71	1277.93
342.92	1368.04
343.14	1302.51
343.35	1277.93
343.56	1363.95
343.77	1298.41
343.98	1329.13
344.19	1314.80
344.40	1357.80
344.61	1284.08
344.82	1267.69
345.04	1300.46
345.25	1320.94
345.46	1368.04
345.67	1329.13
345.88	1269.74
346.09	1304.56
346.30	1228.78
346.51	1218.54
346.72	1312.75
346.94	1253.36
347.15	1277.93
347.36	1368.04
347.57	1355.76
347.78	1318.89
347.99	1343.47
348.20	1267.69
348.41	1337.32
348.62	1306.60
348.83	1275.88
349.04	1341.42
349.25	1366.00
349.47	1304.56
349.68	1337.32
349.89	1312.75
350.10	1380.33
350.31	1294.32
350.52	1298.41
350.73	1378.28
350.94	1282.03
351.15	1314.80
351.36	1308.65
351.57	1255.40
351.78	1249.26
351.99	1349.61
352.21	1314.80
352.42	1282.03
352.63	1300.46
352.84	1320.94
353.05	1314.80
353.26	1279.98
353.47	1263.60
353.68	1257.45
353.89	1380.33
354.10	1394.67
354.31	1310.70
354.52	1236.97
354.73	1265.64
354.94	1314.80
355.15	1294.32
355.36	1292.27
355.57	1261.55
355.78	1372.14
355.99	1329.13
356.20	1296.36
356.42	1290.22
356.63	1277.93
356.84	1273.84
357.05	1308.65
357.26	1308.65
357.47	1308.65
357.68	1296.36
357.89	1314.80
358.10	1290.22
358.31	1343.47
358.52	1341.42
358.73	1359.85
358.94	1322.99
359.15	1253.36
359.36	1279.98
359.57	1368.04
359.78	1314.80
359.99	1316.84
360.20	1304.56
360.41	1355.76
360.62	1339.37
360.83	1284.08
361.04	1308.65
361.25	1290.22
361.46	1382.38
361.67	1347.56
361.88	1331.18
362.09	1331.18
362.30	1368.04
362.51	1316.84
362.72	1325.04
362.93	1314.80
363.14	1345.52
363.35	1357.80
363.56	1488.87
363.77	1789.92
363.98	2033.63
364.19	2480.09
364.40	2965.46
364.61	3209.17
364.82	3323.85
365.03	3405.77
365.24	3309.52
365.45	3129.30
365.66	2795.48
365.87	2566.10
366.08	2330.59
366.29	2263.01
366.50	1959.91
366.71	1824.74
366.92	1679.33
367.13	1515.50
367.34	1458.15
367.55	1372.14
367.76	1343.47
367.97	1333.23
368.18	1370.09
368.39	1343.47
368.60	1329.13
368.81	1355.76
369.01	1335.28
369.22	1314.80
369.43	1294.32
369.64	1292.27
369.85	1292.27
370.06	1312.75
370.27	1253.36
370.48	1310.70
370.69	1361.90
370.90	1306.60
371.11	1335.28
371.32	1402.86
371.53	1282.03
371.74	1224.69
371.95	1316.84
372.16	1318.89
372.37	1320.94
372.58	1298.41
372.79	1257.45
372.99	1275.88
373.20	1366.00
373.41	1349.61
373.62	1308.65
373.83	1325.04
374.04	1261.55
374.25	1318.89
374.46	1294.32
374.67	1306.60
374.88	1294.32
375.09	1329.13
375.30	1282.03
375.51	1259.50
375.72	1304.56
375.92	1341.42
376.13	1349.61
376.34	1271.79
376.55	1228.78
376.76	1247.21
376.97	1331.18
377.18	1284.08
377.39	1327.08
377.60	1306.60
377.81	1382.38
378.02	1335.28
378.22	1331.18
378.43	1296.36
378.64	1294.32
378.85	1286.12
379.06	1271.79
379.27	1329.13
379.48	1355.76
379.69	1284.08
379.90	1339.37
380.11	1273.84
380.31	1296.36
380.52	1284.08
380.73	1339.37
380.94	1331.18
381.15	1431.53
381.36	1290.22
381.57	1298.41
381.78	1314.80
381.99	1259.50
382.19	1265.64
382.40	1347.56
382.61	1255.40
382.82	1257.45
383.03	1286.12
383.24	1279.98
383.45	1333.23
383.65	1337.32
383.86	1298.41
384.07	1275.88
384.28	1347.56
384.49	1304.56
384.70	1282.03
384.91	1282.03
385.12	1277.93
385.32	1271.79
385.53	1318.89
385.74	1279.98
385.95	1284.08
386.16	1359.85
386.37	1322.99
386.58	1286.12
386.78	1273.84
386.99	1318.89
387.20	1284.08
387.41	1361.90
387.62	1347.56
387.83	1333.23
388.03	1267.69
388.24	1253.36
388.45	1314.80
388.66	1296.36
388.87	1339.37
389.08	1273.84
389.28	1245.16
389.49	1333.23
389.70	1308.65
389.91	1361.90
390.12	1322.99
390.33	1265.64
390.53	1343.47
390.74	1339.37
390.95	1308.65
391.16	1318.89
391.37	1337.32
391.58	1255.40
391.78	1308.65
391.99	1308.65
392.20	1282.03
392.41	1343.47
392.62	1335.28
392.82	1314.80
393.03	1300.46
393.24	1322.99
393.45	1259.50
393.66	1271.79
393.87	1306.60
394.07	1255.40
394.28	1286.12
394.49	1282.03
394.70	1322.99
394.91	1312.75
395.11	1273.84
395.32	1241.07
395.53	1374.19
395.74	1304.56
395.94	1300.46
396.15	1314.80
396.36	1294.32
396.57	1320.94
396.78	1269.74
396.98	1325.04
397.19	1366.00
397.40	1306.60
397.61	1259.50
397.82	1345.52
398.02	1312.75
398.23	1325.04
398.44	1279.98
398.65	1343.47
398.85	1351.66
399.06	1327.08
399.27	1310.70
399.48	1335.28
399.69	1351.66
399.89	1372.14
400.10	1312.75
400.31	1349.61
400.52	1361.90
400.72	1308.65
400.93	1308.65
401.14	1318.89
401.35	1308.65
401.55	1339.37
401.76	1322.99
401.97	1339.37
402.18	1339.37
402.38	1259.50
402.59	1347.56
402.80	1409.00
403.01	1361.90
403.21	1533.93
403.42	1839.08
403.63	2289.63
403.84	2617.30
404.04	3076.05
404.25	3356.62
404.46	3674.06
404.67	3618.76
404.87	3381.20
405.08	3080.14
405.29	2731.99
405.50	2373.60
405.70	2080.74
405.91	1845.22
406.12	1685.48
406.32	1503.21
406.53	1419.24
406.74	1484.78
406.95	1544.17
407.15	1603.56
407.36	1638.38
407.57	1712.10
407.77	1652.71
407.98	1765.35
408.19	1578.98
408.40	1527.78
408.60	1495.02
408.81	1484.78
409.02	1425.39
409.22	1437.67
409.43	1314.80
409.64	1263.60
409.85	1339.37
410.05	1368.04
410.26	1263.60
410.47	1236.97
410.67	1290.22
410.88	1345.52
411.09	1308.65
411.29	1292.27
411.50	1300.46
411.71	1339.37
411.92	1282.03
412.12	1341.42
412.33	1239.02
412.54	1306.60
412.74	1290.22
412.95	1269.74
413.16	1292.27
413.36	1269.74
413.57	1288.17
413.78	1355.76
413.98	1292.27
414.19	1296.36
414.40	1322.99
414.60	1329.13
414.81	1351.66
415.02	1304.56
415.22	1333.23
415.43	1339.37
415.64	1292.27
415.84	1361.90
416.05	1294.32
416.26	1302.51
416.46	1228.78
416.67	1312.75
416.88	1337.32
417.08	1310.70
417.29	1329.13
417.50	1331.18
417.70	1273.84
417.91	1370.09
418.12	1314.80
418.32	1269.74
418.53	1296.36
418.74	1310.70
418.94	1329.13
419.15	1224.69
419.36	1325.04
419.56	1288.17
419.77	1353.71
419.97	1322.99
420.18	1310.70
420.39	1282.03
420.59	1294.32
420.80	1314.80
421.01	1335.28
421.21	1359.85
421.42	1353.71
421.63	1308.65
421.83	1257.45
422.04	1302.51
422.24	1296.36
422.45	1341.42
422.66	1279.98
422.86	1318.89
423.07	1212.40
423.28	1329.13
423.48	1368.04
423.69	1245.16
423.89	1339.37
424.10	1335.28
424.31	1366.00
424.51	1374.19
424.72	1310.70
424.92	1308.65
425.13	1292.27
425.34	1353.71
425.54	1298.41
425.75	1318.89
425.95	1306.60
426.16	1318.89
426.37	1322.99
426.57	1394.67
426.78	1314.80
426.98	1316.84
427.19	1335.28
427.40	1335.28
427.60	1331.18
427.81	1357.80
428.01	1300.46
428.22	1331.18
428.43	1339.37
428.63	1345.52
428.84	1290.22
429.04	1398.76
429.25	1300.46
429.45	1277.93
429.66	1390.57
429.87	1357.80
430.07	1351.66
430.28	1335.28
430.48	1400.81
430.69	1292.27
430.89	1292.27
431.10	1353.71
431.31	1415.15
431.51	1314.80
431.72	1292.27
431.92	1308.65
432.13	1363.95
432.33	1288.17
432.54	1349.61
432.74	1337.32
432.95	1421.29
433.16	1353.71
433.36	1363.95
433.57	1345.52
433.77	1382.38
433.98	1447.91
434.18	1507.30
434.39	1724.39
434.59	2222.05
434.80	3043.28
435.01	3805.13
435.21	4898.74
435.42	5787.56
435.62	6059.94
435.83	6156.19
436.03	5736.36
436.24	5195.70
436.44	4446.14
436.65	3885.00
436.85	3434.44
437.06	2740.18
437.26	2256.86
437.47	1974.24
437.67	1806.31
437.88	1523.69
438.08	1439.72
438.29	1439.72
438.50	1382.38
438.70	1382.38
438.91	1376.24
439.11	1347.56
439.32	1325.04
439.52	1347.56
439.73	1292.27
439.93	1292.27
440.14	1366.00
440.34	1302.51
440.55	1343.47
440.75	1314.80
440.96	1351.66
441.16	1314.80
441.37	1267.69
441.57	1361.90
441.78	1366.00
441.98	1320.94
442.19	1355.76
442.39	1304.56
442.60	1277.93
442.80	1388.52
443.01	1300.46
443.21	1306.60
443.42	1290.22
443.62	1363.95
443.83	1380.33
444.03	1282.03
444.23	1314.80
444.44	1284.08
444.64	1347.56
444.85	1325.04
445.05	1355.76
445.26	1302.51
445.46	1310.70
445.67	1292.27
445.87	1322.99
446.08	1341.42
446.28	1357.80
446.49	1325.04
446.69	1327.08
446.90	1275.88
447.10	1331.18
447.31	1341.42
447.51	1355.76
447.71	1271.79
447.92	1357.80
448.12	1329.13
448.33	1322.99
448.53	1325.04
448.74	1316.84
448.94	1318.89
449.15	1345.52
449.35	1351.66
449.56	1279.98
449.76	1382.38
449.96	1333.23
450.17	1349.61
450.37	1294.32
450.58	1263.60
450.78	1306.60
450.99	1267.69
451.19	1325.04
451.39	1302.51
451.60	1333.23
451.80	1300.46
452.01	1310.70
452.21	1228.78
452.42	1333.23
452.62	1337.32
452.82	1347.56
453.03	1329.13
453.23	1363.95
453.44	1277.93
453.64	1382.38
453.85	1288.17
454.05	1337.32
454.25	1261.55
454.46	1322.99
454.66	1320.94
454.87	1331.18
455.07	1355.76
455.27	1314.80
455.48	1259.50
455.68	1306.60
455.89	1333.23
456.09	1341.42
456.29	1253.36
456.50	1257.45
456.70	1298.41
456.91	1310.70
457.11	1314.80
457.31	1335.28
457.52	1300.46
457.72	1286.12
457.93	1279.98
458.13	1294.32
458.33	1368.04
458.54	1339.37
458.74	1316.84
458.95	1331.18
459.15	1335.28
459.35	1253.36
459.56	1261.55
459.76	1320.94
459.96	1249.26
460.17	1292.27
460.37	1308.65
460.58	1306.60
460.78	1314.80
460.98	1294.32
461.19	1271.79
461.39	1300.46
461.59	1322.99
461.80	1347.56
462.00	1273.84
462.21	1351.66
462.41	1333.23
462.61	1306.60
462.82	1343.47
463.02	1298.41
463.22	1269.74
463.43	1308.65
463.63	1306.60
463.83	1263.60
464.04	1345.52
464.24	1292.27
464.44	1349.61
464.65	1269.74
464.85	1236.97
465.05	1292.27
465.26	1304.56
465.46	1335.28
465.66	1214.45
465.87	1363.95
466.07	1300.46
466.27	1306.60
466.48	1271.79
466.68	1386.47
466.88	1310.70
467.09	1351.66
467.29	1273.84
467.49	1333.23
467.70	1308.65
467.90	1345.52
468.10	1296.36
468.31	1290.22
468.51	1298.41
468.71	1298.41
468.92	1277.93
469.12	1329.13
469.32	1298.41
469.53	1251.31
469.73	1255.40
469.93	1302.51
470.14	1296.36
470.34	1257.45
470.54	1329.13
470.74	1298.41
470.95	1331.18
471.15	1306.60
471.35	1347.56
471.56	1282.03
471.76	1312.75
471.96	1341.42
472.17	1320.94
472.37	1273.84
472.57	1249.26
472.77	1308.65
472.98	1308.65
473.18	1267.69
473.38	1327.08
473.59	1298.41
473.79	1339.37
473.99	1284.08
474.19	1306.60
474.40	1327.08
474.60	1261.55
474.80	1343.47
475.01	1325.04
475.21	1292.27
475.41	1343.47
475.61	1275.88
475.82	1271.79
476.02	1331.18
476.22	1333.23
476.42	1363.95
476.63	1286.12
476.83	1310.70
477.03	1269.74
477.24	1316.84
477.44	1271.79
477.64	1308.65
477.84	1265.64
478.05	1292.27
478.25	1337.32
478.45	1314.80
478.65	1306.60
478.86	1261.55
479.06	1322.99
479.26	1284.08
479.46	1308.65
479.67	1333.23
479.87	1366.00
480.07	1341.42
480.27	1290.22
480.48	1308.65
480.68	1302.51
480.88	1275.88
481.08	1294.32
481.28	1314.80
481.49	1314.80
481.69	1345.52
481.89	1347.56
482.09	1310.70
482.30	1327.08
482.50	1318.89
482.70	1261.55
482.90	1302.51
483.11	1325.04
483.31	1378.28
483.51	1296.36
483.71	1282.03
483.91	1292.27
484.12	1343.47
484.32	1294.32
484.52	1249.26
484.72	1331.18
484.92	1329.13
485.13	1322.99
485.33	1304.56
485.53	1296.36
485.73	1339.37
485.93	1308.65
486.14	1351.66
486.34	1259.50
486.54	1273.84
486.74	1349.61
486.94	1331.18
487.15	1361.90
487.35	1288.17
487.55	1296.36
487.75	1263.60
487.95	1316.84
488.16	1341.42
488.36	1345.52
488.56	1361.90
488.76	1300.46
488.96	1325.04
489.17	1304.56
489.37	1310.70
489.57	1335.28
489.77	1255.40
489.97	1271.79
490.17	1318.89
490.38	1343.47
490.58	1290.22
490.78	1271.79
490.98	1347.56
491.18	1372.14
491.38	1333.23
491.59	1314.80
491.79	1361.90
491.99	1325.04
492.19	1384.43
492.39	1318.89
492.59	1347.56
492.80	1347.56
493.00	1294.32
493.20	1370.09
493.40	1314.80
493.60	1259.50
493.80	1298.41
494.00	1331.18
494.21	1279.98
494.41	1286.12
494.61	1286.12
494.81	1359.85
495.01	1232.88
495.21	1265.64
495.41	1302.51
495.62	1247.21
495.82	1335.28
496.02	1343.47
496.22	1316.84
496.42	1267.69
496.62	1366.00
496.82	1267.69
497.02	1290.22
497.23	1284.08
497.43	1312.75
497.63	1312.75
497.83	1300.46
498.03	1329.13
498.23	1366.00
498.43	1331.18
498.63	1298.41
498.84	1322.99
499.04	1294.32
499.24	1296.36
499.44	1322.99
499.64	1271.79
499.84	1349.61
500.04	1296.36
500.24	1312.75
500.44	1292.27
500.65	1300.46
500.85	1353.71
501.05	1290.22
501.25	1316.84
501.45	1294.32
501.65	1329.13
501.85	1327.08
502.05	1277.93
502.25	1331.18
502.45	1290.22
502.65	1302.51
502.86	1331.18
503.06	1269.74
503.26	1304.56
503.46	1298.41
503.66	1277.93
503.86	1308.65
504.06	1329.13
504.26	1277.93
504.46	1236.97
504.66	1300.46
504.86	1265.64
505.06	1312.75
505.26	1304.56
505.47	1341.42
505.67	1310.70
505.87	1271.79
506.07	1271.79
506.27	1279.98
506.47	1275.88
506.67	1314.80
506.87	1329.13
507.07	1347.56
507.27	1351.66
507.47	1322.99
507.67	1345.52
507.87	1298.41
508.07	1314.80
508.27	1265.64
508.47	1308.65
508.67	1322.99
508.87	1273.84
509.08	1331.18
509.28	1288.17
509.48	1245.16
509.68	1236.97
509.88	1333.23
510.08	1302.51
510.28	1329.13
510.48	1318.89
510.68	1343.47
510.88	1327.08
511.08	1316.84
511.28	1290.22
511.48	1325.04
511.68	1241.07
511.88	1390.57
512.08	1300.46
512.28	1234.93
512.48	1300.46
512.68	1296.36
512.88	1337.32
513.08	1339.37
513.28	1333.23
513.48	1275.88
513.68	1310.70
513.88	1325.04
514.08	1351.66
514.28	1271.79
514.48	1322.99
514.68	1267.69
514.88	1353.71
515.08	1298.41
515.28	1261.55
515.48	1290.22
515.68	1269.74
515.88	1331.18
516.08	1306.60
516.28	1298.41
516.48	1232.88
516.68	1282.03
516.88	1347.56
517.08	1335.28
517.28	1322.99
517.48	1282.03
517.68	1279.98
517.88	1343.47
518.08	1290.22
518.28	1298.41
518.48	1300.46
518.68	1322.99
518.88	1310.70
519.08	1298.41
519.28	1288.17
519.48	1347.56
519.68	1251.31
519.88	1279.98
520.08	1325.04
520.28	1378.28
520.48	1236.97
520.68	1234.93
520.88	1277.93
521.08	1318.89
521.28	1300.46
521.47	1349.61
521.67	1335.28
521.87	1361.90
522.07	1279.98
522.27	1269.74
522.47	1300.46
522.67	1277.93
522.87	1302.51
523.07	1341.42
523.27	1331.18
523.47	1298.41
523.67	1339.37
523.87	1357.80
524.07	1314.80
524.27	1320.94
524.47	1361.90
524.67	1343.47
524.87	1263.60
525.06	1339.37
525.26	1372.14
525.46	1265.64
525.66	1275.88
525.86	1292.27
526.06	1322.99
526.26	1325.04
526.46	1292.27
526.66	1329.13
526.86	1333.23
527.06	1341.42
527.26	1259.50
527.46	1318.89
527.65	1339.37
527.85	1292.27
528.05	1290.22
528.25	1327.08
528.45	1327.08
528.65	1286.12
528.85	1337.32
529.05	1298.41
529.25	1331.18
529.45	1327.08
529.65	1353.71
529.84	1292.27
530.04	1318.89
530.24	1282.03
530.44	1361.90
530.64	1372.14
530.84	1320.94
531.04	1361.90
531.24	1312.75
531.44	1265.64
531.63	1327.08
531.83	1347.56
532.03	1269.74
532.23	1302.51
532.43	1318.89
532.63	1322.99
532.83	1314.80
533.03	1327.08
533.22	1392.62
533.42	1296.36
533.62	1277.93
533.82	1345.52
534.02	1308.65
534.22	1349.61
534.42	1316.84
534.62	1296.36
534.81	1284.08
535.01	1282.03
535.21	1277.93
535.41	1284.08
535.61	1316.84
535.81	1335.28
536.01	1331.18
536.20	1345.52
536.40	1279.98
536.60	1277.93
536.80	1335.28
537.00	1273.84
537.20	1353.71
537.39	1265.64
537.59	1314.80
537.79	1390.57
537.99	1355.76
538.19	1259.50
538.39	1288.17
538.59	1269.74
538.78	1304.56
538.98	1296.36
539.18	1290.22
539.38	1318.89
539.58	1372.14
539.78	1300.46
539.97	1363.95
540.17	1322.99
540.37	1347.56
540.57	1394.67
540.77	1435.63
540.96	1353.71
541.16	1331.18
541.36	1419.24
541.56	1427.43
541.76	1447.91
541.96	1431.53
542.15	1363.95
542.35	1351.66
542.55	1374.19
542.75	1454.06
542.95	1378.28
543.14	1388.52
543.34	1417.19
543.54	1439.72
543.74	1458.15
543.94	1406.95
544.13	1470.44
544.33	1435.63
544.53	1566.70
544.73	1980.39
544.93	3225.55
545.12	5177.26
545.32	7409.55
545.52	9893.74
545.72	11308.88
545.91	11913.03
546.11	11763.53
546.31	10731.36
546.51	9475.95
546.71	8548.22
546.90	7483.28
547.10	6723.48
547.30	5826.47
547.50	4743.10
547.69	3829.70
547.89	3119.06
548.09	2723.80
548.29	2330.59
548.49	2101.22
548.68	1904.61
548.88	1769.44
549.08	1609.70
549.28	1546.22
549.47	1388.52
549.67	1460.20
549.87	1382.38
550.07	1361.90
550.26	1378.28
550.46	1415.15
550.66	1349.61
550.86	1335.28
551.05	1357.80
551.25	1333.23
551.45	1320.94
551.65	1378.28
551.84	1366.00
552.04	1419.24
552.24	1363.95
552.44	1353.71
552.63	1341.42
552.83	1341.42
553.03	1339.37
553.22	1343.47
553.42	1300.46
553.62	1404.91
553.82	1357.80
554.01	1282.03
554.21	1327.08
554.41	1331.18
554.61	1316.84
554.80	1388.52
555.00	1331.18
555.20	1337.32
555.39	1298.41
555.59	1390.57
555.79	1363.95
555.99	1302.51
556.18	1306.60
556.38	1298.41
556.58	1267.69
556.77	1404.91
556.97	1298.41
557.17	1298.41
557.37	1308.65
557.56	1261.55
557.76	1316.84
557.96	1310.70
558.15	1288.17
558.35	1296.36
558.55	1343.47
558.74	1357.80
558.94	1292.27
559.14	1325.04
559.33	1325.04
559.53	1261.55
559.73	1279.98
559.93	1339.37
560.12	1366.00
560.32	1343.47
560.52	1341.42
560.71	1355.76
560.91	1273.84
561.11	1298.41
561.30	1329.13
561.50	1345.52
561.70	1279.98
561.89	1331.18
562.09	1345.52
562.29	1343.47
562.48	1314.80
562.68	1292.27
562.88	1384.43
563.07	1312.75
563.27	1302.51
563.47	1296.36
563.66	1298.41
563.86	1335.28
564.06	1316.84
564.25	1345.52
564.45	1320.94
564.64	1288.17
564.84	1302.51
565.04	1286.12
565.23	1286.12
565.43	1329.13
565.63	1322.99
565.82	1314.80
566.02	1277.93
566.22	1314.80
566.41	1282.03
566.61	1224.69
566.81	1316.84
567.00	1282.03
567.20	1290.22
567.39	1370.09
567.59	1355.76
567.79	1308.65
567.98	1318.89
568.18	1312.75
568.38	1366.00
568.57	1296.36
568.77	1325.04
568.96	1306.60
569.16	1273.84
569.36	1333.23
569.55	1353.71
569.75	1396.71
569.94	1331.18
570.14	1302.51
570.34	1325.04
570.53	1366.00
570.73	1374.19
570.92	1310.70
571.12	1265.64
571.32	1261.55
571.51	1298.41
571.71	1378.28
571.90	1345.52
572.10	1292.27
572.30	1314.80
572.49	1314.80
572.69	1331.18
572.88	1269.74
573.08	1290.22
573.28	1312.75
573.47	1261.55
573.67	1308.65
573.86	1312.75
574.06	1380.33
574.26	1306.60
574.45	1265.64
574.65	1357.80
574.84	1357.80
575.04	1318.89
575.23	1345.52
575.43	1327.08
575.63	1474.54
575.82	1615.85
576.02	1949.67
576.21	2252.77
576.41	2549.72
576.60	2674.65
576.80	2750.42
576.99	2697.17
577.19	2541.53
577.39	2519.00
577.58	2346.97
577.78	2318.30
577.97	2369.50
578.17	2574.30
578.36	2668.50
578.56	2977.75
578.75	2879.44
578.95	2908.12
579.15	2697.17
579.34	2693.08
579.54	2510.81
579.73	2303.96
579.93	2271.20
580.12	2191.33
580.32	2033.63
580.51	1951.71
580.71	1808.36
580.90	1603.56
581.10	1603.56
581.29	1519.59
581.49	1466.35
581.68	1497.07
581.88	1390.57
582.07	1380.33
582.27	1388.52
582.47	1302.51
582.66	1351.66
582.86	1331.18
583.05	1349.61
583.25	1347.56
583.44	1308.65
583.64	1343.47
583.83	1335.28
584.03	1331.18
584.22	1316.84
584.42	1310.70
584.61	1353.71
584.81	1308.65
585.00	1312.75
585.20	1335.28
585.39	1292.27
585.59	1306.60
585.78	1333.23
585.98	1372.14
586.17	1333.23
586.37	1310.70
586.56	1363.95
586.76	1296.36
586.95	1290.22
587.15	1372.14
587.34	1282.03
587.54	1275.88
587.73	1300.46
587.92	1267.69
588.12	1339.37
588.31	1337.32
588.51	1325.04
588.70	1335.28
588.90	1343.47
589.09	1304.56
589.29	1329.13
589.48	1290.22
589.68	1331.18
589.87	1294.32
590.07	1275.88
590.26	1322.99
590.46	1269.74
590.65	1333.23
590.84	1322.99
591.04	1275.88
591.23	1318.89
591.43	1290.22
591.62	1329.13
591.82	1261.55
592.01	1339.37
592.21	1325.04
592.40	1353.71
592.59	1316.84
592.79	1339.37
592.98	1325.04
593.18	1318.89
593.37	1294.32
593.57	1306.60
593.76	1349.61
593.96	1343.47
594.15	1345.52
594.34	1312.75
594.54	1288.17
594.73	1318.89
594.93	1292.27
595.12	1316.84
595.32	1345.52
595.51	1271.79
595.70	1339.37
595.90	1282.03
596.09	1331.18
596.29	1273.84
596.48	1343.47
596.67	1308.65
596.87	1310.70
597.06	1394.67
597.26	1271.79
597.45	1292.27
597.65	1261.55
597.84	1271.79
598.03	1306.60
598.23	1257.45
598.42	1357.80
598.62	1329.13
598.81	1306.60
599.00	1269.74
599.20	1322.99
599.39	1333.23
599.58	1275.88
599.78	1306.60
599.97	1306.60
600.17	1314.80
600.36	1282.03
600.55	1286.12
600.75	1386.47
600.94	1282.03
601.14	1286.12
601.33	1310.70
601.52	1282.03
601.72	1302.51
601.91	1249.26
602.10	1333.23
602.30	1320.94
602.49	1306.60
602.69	1255.40
602.88	1320.94
603.07	1325.04
603.27	1310.70
603.46	1300.46
603.65	1277.93
603.85	1378.28
604.04	1241.07
604.23	1380.33
604.43	1269.74
604.62	1310.70
604.82	1267.69
605.01	1292.27
605.20	1339.37
605.40	1335.28
605.59	1284.08
605.78	1267.69
605.98	1304.56
606.17	1290.22
606.36	1306.60
606.56	1355.76
606.75	1333.23
606.94	1298.41
607.14	1300.46
607.33	1292.27
607.52	1288.17
607.72	1363.95
607.91	1296.36
608.10	1279.98
608.30	1341.42
608.49	1333.23
608.68	1294.32
608.88	1329.13
609.07	1310.70
609.26	1314.80
609.46	1329.13
609.65	1310.70
609.84	1325.04
610.03	1343.47
610.23	1322.99
610.42	1331.18
610.61	1353.71
610.81	1300.46
611.00	1306.60
611.19	1339.37
611.39	1306.60
611.58	1368.04
611.77	1339.37
611.97	1322.99
612.16	1366.00
612.35	1400.81
612.54	1312.75
612.74	1353.71
612.93	1267.69
613.12	1329.13
613.32	1374.19
613.51	1333.23
613.70	1259.50
613.89	1372.14
614.09	1302.51
614.28	1259.50
614.47	1314.80
614.67	1292.27
614.86	1292.27
615.05	1359.85
615.24	1290.22
615.44	1329.13
615.63	1308.65
615.82	1343.47
616.01	1322.99
616.21	1349.61
616.40	1306.60
616.59	1339.37
616.78	1320.94
616.98	1345.52
617.17	1300.46
617.36	1302.51
617.56	1284.08
617.75	1277.93
617.94	1316.84
618.13	1273.84
618.33	1347.56
618.52	1345.52
618.71	1302.51
618.90	1347.56
619.10	1269.74
619.29	1322.99
619.48	1251.31
619.67	1318.89
619.86	1314.80
620.06	1345.52
620.25	1298.41
620.44	1310.70
620.63	1314.80
620.83	1271.79
621.02	1304.56
621.21	1347.56
621.40	1265.64
621.60	1349.61
621.79	1374.19
621.98	1288.17
622.17	1318.89
622.36	1302.51
622.56	1335.28
622.75	1322.99
622.94	1325.04
623.13	1279.98
623.33	1275.88
623.52	1302.51
623.71	1265.64
623.90	1310.70
624.09	1302.51
624.29	1320.94
624.48	1318.89
624.67	1273.84
624.86	1314.80
625.05	1327.08
625.25	1308.65
625.44	1288.17
625.63	1337.32
625.82	1294.32
626.01	1353.71
626.21	1322.99
626.40	1288.17
626.59	1322.99
626.78	1312.75
626.97	1279.98
627.16	1349.61
627.36	1335.28
627.55	1282.03
627.74	1320.94
627.93	1329.13
628.12	1284.08
628.31	1286.12
628.51	1335.28
628.70	1316.84
628.89	1368.04
629.08	1341.42
629.27	1306.60
629.47	1234.93
629.66	1251.31
629.85	1292.27
630.04	1320.94
630.23	1286.12
630.42	1290.22
630.61	1284.08
630.81	1275.88
631.00	1228.78
631.19	1296.36
631.38	1322.99
631.57	1224.69
631.76	1273.84
631.96	1298.41
632.15	1316.84
632.34	1345.52
632.53	1271.79
632.72	1275.88
632.91	1318.89
633.10	1294.32
633.29	1302.51
633.49	1261.55
633.68	1277.93
633.87	1316.84
634.06	1257.45
634.25	1308.65
634.44	1310.70
634.63	1363.95
634.83	1253.36
635.02	1300.46
635.21	1241.07
635.40	1288.17
635.59	1329.13
635.78	1351.66
635.97	1292.27
636.16	1314.80
636.35	1275.88
636.55	1333.23
636.74	1316.84
636.93	1347.56
637.12	1318.89
637.31	1300.46
637.50	1239.02
637.69	1243.12
637.88	1302.51
638.07	1292.27
638.26	1380.33
638.46	1300.46
638.65	1314.80
638.84	1290.22
639.03	1329.13
639.22	1292.27
639.41	1329.13
639.60	1259.50
639.79	1345.52
639.98	1275.88
640.17	1310.70
640.36	1273.84
640.56	1353.71
640.75	1228.78
640.94	1290.22
641.13	1271.79
641.32	1374.19
641.51	1294.32
641.70	1294.32
641.89	1310.70
642.08	1335.28
642.27	1339.37
642.46	1353.71
642.65	1290.22
642.84	1261.55
643.03	1314.80
643.22	1296.36
643.42	1353.71
643.61	1302.51
643.80	1322.99
643.99	1370.09
644.18	1345.52
644.37	1337.32
644.56	1251.31
644.75	1314.80
644.94	1290.22
645.13	1341.42
645.32	1292.27
645.51	1290.22
645.70	1273.84
645.89	1300.46
646.08	1304.56
646.27	1327.08
646.46	1296.36
646.65	1282.03
646.84	1300.46
647.03	1265.64
647.22	1316.84
647.41	1204.21
647.60	1353.71
647.79	1275.88
647.98	1353.71
648.17	1355.76
648.36	1339.37
648.56	1300.46
648.75	1277.93
648.94	1263.60
649.13	1277.93
649.32	1269.74
649.51	1306.60
649.70	1290.22
649.89	1333.23
650.08	1284.08
650.27	1296.36
650.46	1331.18
650.65	1312.75
650.84	1257.45
651.03	1267.69
651.22	1216.49
651.41	1269.74
651.60	1312.75
651.79	1253.36
651.98	1349.61
652.17	1257.45
652.36	1306.60
652.55	1318.89
652.74	1318.89
652.92	1288.17
653.11	1273.84
653.30	1234.93
653.49	1318.89
653.68	1353.71
653.87	1386.47
654.06	1314.80
654.25	1366.00
654.44	1271.79
654.63	1327.08
654.82	1314.80
655.01	1310.70
655.20	1275.88
655.39	1335.28
655.58	1316.84
655.77	1310.70
655.96	1318.89
656.15	1341.42
656.34	1335.28
656.53	1339.37
656.72	1304.56
656.91	1247.21
657.10	1335.28
657.29	1273.84
657.48	1298.41
657.67	1275.88
657.86	1306.60
658.04	1318.89
658.23	1318.89
658.42	1267.69
658.61	1310.70
658.80	1284.08
658.99	1341.42
659.18	1304.56
659.37	1314.80
659.56	1335.28
659.75	1282.03
659.94	1331.18
660.13	1290.22
660.32	1259.50
660.51	1327.08
660.69	1265.64
660.88	1243.12
661.07	1314.80
661.26	1322.99
661.45	1282.03
661.64	1331.18
661.83	1228.78
662.02	1322.99
662.21	1351.66
662.40	1288.17
662.59	1355.76
662.78	1234.93
662.96	1355.76
663.15	1275.88
663.34	1302.51
663.53	1279.98
663.72	1314.80
663.91	1361.90
664.10	1288.17
664.29	1310.70
664.48	1322.99
664.66	1243.12
664.85	1245.16
665.04	1388.52
665.23	1318.89
665.42	1318.89
665.61	1302.51
665.80	1267.69
665.99	1255.40
666.18	1339.37
666.36	1337.32
666.55	1284.08
666.74	1361.90
666.93	1335.28
667.12	1380.33
667.31	1343.47
667.50	1329.13
667.69	1294.32
667.87	1259.50
668.06	1314.80
668.25	1282.03
668.44	1361.90
668.63	1339.37
668.82	1384.43
669.01	1294.32
669.19	1224.69
669.38	1306.60
669.57	1288.17
669.76	1329.13
669.95	1306.60
670.14	1290.22
670.32	1306.60
670.51	1288.17
670.70	1273.84
670.89	1204.21
671.08	1327.08
671.27	1298.41
671.46	1339.37
671.64	1261.55
671.83	1351.66
672.02	1322.99
672.21	1310.70
672.40	1251.31
672.59	1279.98
672.77	1355.76
672.96	1331.18
673.15	1322.99
673.34	1329.13
673.53	1329.13
673.71	1267.69
673.90	1314.80
674.09	1302.51
674.28	1300.46
674.47	1275.88
674.66	1255.40
674.84	1312.75
675.03	1306.60
675.22	1259.50
675.41	1343.47
675.60	1349.61
675.78	1298.41
675.97	1331.18
676.16	1294.32
676.35	1261.55
676.54	1290.22
676.72	1273.84
676.91	1282.03
677.10	1294.32
677.29	1357.80
677.47	1206.25
677.66	1292.27
677.85	1312.75
678.04	1339.37
678.23	1269.74
678.41	1370.09
678.60	1312.75
678.79	1325.04
678.98	1286.12
679.17	1275.88
679.35	1253.36
679.54	1306.60
679.73	1318.89
679.92	1286.12
680.10	1312.75
680.29	1357.80
680.48	1318.89
680.67	1284.08
680.85	1210.35
681.04	1368.04
681.23	1282.03
681.42	1325.04
681.60	1298.41
681.79	1300.46
681.98	1322.99
682.17	1355.76
682.35	1292.27
682.54	1302.51
682.73	1286.12
682.92	1333.23
683.10	1335.28
683.29	1343.47
683.48	1343.47
683.67	1304.56
683.85	1257.45
684.04	1290.22
684.23	1300.46
684.42	1288.17
684.60	1388.52
684.79	1312.75
684.98	1306.60
685.16	1333.23
685.35	1306.60
685.54	1349.61
685.73	1310.70
685.91	1339.37
686.10	1335.28
686.29	1345.52
686.48	1314.80
686.66	1286.12
686.85	1349.61
687.04	1302.51
687.22	1312.75
687.41	1279.98
687.60	1327.08
687.78	1226.73
687.97	1267.69
688.16	1294.32
688.35	1245.16
688.53	1286.12
688.72	1298.41
688.91	1257.45
689.09	1232.88
689.28	1249.26
689.47	1290.22
689.65	1308.65
689.84	1355.76
690.03	1372.14
690.22	1314.80
690.40	1300.46
690.59	1294.32
690.78	1331.18
690.96	1286.12
691.15	1300.46
691.34	1312.75
691.52	1308.65
691.71	1310.70
691.90	1331.18
692.08	1261.55
692.27	1302.51
692.46	1300.46
692.64	1310.70
692.83	1349.61
693.02	1353.71
693.20	1314.80
693.39	1343.47
693.58	1329.13
693.76	1327.08
693.95	1263.60
694.14	1216.49
694.32	1376.24
694.51	1339.37
694.70	1300.46
694.88	1288.17
695.07	1269.74
695.25	1314.80
695.44	1333.23
695.63	1300.46
695.81	1277.93
696.00	1265.64
696.19	1339.37
696.37	1341.42
696.56	1310.70
696.75	1361.90
696.93	1298.41
697.12	1355.76
697.30	1306.60
697.49	1366.00
697.68	1261.55
697.86	1343.47
698.05	1292.27
698.24	1298.41
698.42	1314.80
698.61	1300.46
698.79	1224.69
698.98	1310.70
699.17	1322.99
699.35	1286.12
699.54	1376.24
699.72	1337.32
699.91	1247.21
700.10	1261.55
700.28	1322.99
700.47	1277.93
700.65	1310.70
700.84	1282.03
701.03	1263.60
701.21	1292.27
701.40	1322.99
701.58	1306.60
701.77	1320.94
701.96	1327.08
702.14	1333.23
702.33	1267.69
702.51	1277.93
702.70	1306.60
702.89	1355.76
703.07	1351.66
703.26	1282.03
703.44	1359.85
703.63	1290.22
703.81	1308.65
704.00	1284.08
704.19	1288.17
704.37	1325.04
704.56	1335.28
704.74	1263.60
704.93	1290.22
705.11	1310.70
705.30	1271.79
705.49	1318.89
705.67	1296.36
705.86	1329.13
706.04	1333.23
706.23	1331.18
706.41	1292.27
706.60	1318.89
706.78	1314.80
706.97	1359.85
707.16	1306.60
707.34	1294.32
707.53	1337.32
707.71	1314.80
707.90	1308.65
708.08	1292.27
708.27	1322.99
708.45	1417.19
708.64	1284.08
708.82	1372.14
709.01	1353.71
709.19	1300.46
709.38	1320.94
709.56	1300.46
709.75	1269.74
709.94	1331.18
710.12	1290.22
710.31	1286.12
710.49	1302.51
710.68	1288.17
710.86	1368.04
711.05	1267.69
711.23	1265.64
711.42	1347.56
711.60	1259.50
711.79	1345.52
711.97	1286.12
712.16	1306.60
712.34	1286.12
712.53	1325.04
712.71	1329.13
712.90	1277.93
713.08	1310.70
713.27	1286.12
713.45	1339.37
713.64	1288.17
713.82	1292.27
714.01	1284.08
714.19	1327.08
714.38	1339.37
714.56	1310.70
714.75	1286.12
714.93	1308.65
715.12	1282.03
715.30	1302.51
715.49	1333.23
715.67	1308.65
715.85	1333.23
716.04	1265.64
716.22	1318.89
716.41	1322.99
716.59	1355.76
716.78	1345.52
716.96	1308.65
717.15	1325.04
717.33	1314.80
717.52	1286.12
717.70	1265.64
717.89	1241.07
718.07	1382.38
718.25	1294.32
718.44	1257.45
718.62	1314.80
718.81	1320.94
718.99	1290.22
719.18	1316.84
719.36	1279.98
719.55	1376.24
719.73	1292.27
719.92	1306.60
720.10	1314.80
720.28	1327.08
720.47	1331.18
720.65	1312.75
720.84	1306.60
721.02	1286.12
721.21	1214.45
721.39	1294.32
721.57	1290.22
721.76	1290.22
721.94	1304.56
722.13	1290.22
722.31	1322.99
722.50	1263.60
722.68	1302.51
722.86	1296.36
723.05	1284.08
723.23	1310.70
723.42	1316.84
723.60	1366.00
723.78	1337.32
723.97	1294.32
724.15	1320.94
724.34	1282.03
724.52	1269.74
724.70	1273.84
724.89	1318.89
725.07	1282.03
725.26	1298.41
725.44	1302.51
725.62	1335.28
725.81	1288.17
725.99	1298.41
726.18	1318.89
726.36	1286.12
726.54	1247.21
726.73	1251.31
726.91	1320.94
727.10	1312.75
727.28	1388.52
727.46	1335.28
727.65	1353.71
727.83	1316.84
728.01	1355.76
728.20	1361.90
728.38	1257.45
728.57	1277.93
728.75	1327.08
728.93	1314.80
729.12	1298.41
729.30	1331.18
729.48	1306.60
729.67	1345.52
729.85	1304.56
730.03	1288.17
730.22	1292.27
730.40	1208.30
730.58	1224.69
730.77	1277.93
730.95	1249.26
731.13	1347.56
731.32	1236.97
731.50	1304.56
731.69	1263.60
731.87	1277.93
732.05	1290.22
732.24	1312.75
732.42	1279.98
732.60	1316.84
732.79	1261.55
732.97	1282.03
733.15	1288.17
733.34	1300.46
733.52	1269.74
733.70	1322.99
733.89	1331.18
734.07	1304.56
734.25	1335.28
734.43	1347.56
734.62	1236.97
734.80	1279.98
734.98	1284.08
735.17	1282.03
735.35	1341.42
735.53	1284.08
735.72	1327.08
735.90	1333.23
736.08	1290.22
736.27	1357.80
736.45	1322.99
736.63	1341.42
736.81	1335.28
737.00	1331.18
737.18	1282.03
737.36	1363.95
737.55	1335.28
737.73	1341.42
737.91	1382.38
738.10	1286.12
738.28	1300.46
738.46	1361.90
738.64	1370.09
738.83	1341.42
739.01	1284.08
739.19	1292.27
739.38	1298.41
739.56	1366.00
739.74	1333.23
739.92	1314.80
740.11	1275.88
740.29	1284.08
740.47	1333.23
740.65	1343.47
740.84	1302.51
741.02	1286.12
741.20	1331.18
741.38	1316.84
741.57	1322.99
741.75	1331.18
741.93	1363.95
742.11	1329.13
742.30	1302.51
742.48	1251.31
742.66	1286.12
742.84	1310.70
743.03	1308.65
743.21	1351.66
743.39	1296.36
743.57	1327.08
743.76	1320.94
743.94	1343.47
744.12	1325.04
744.30	1331.18
744.49	1292.27
744.67	1279.98
744.85	1273.84
745.03	1298.41
745.22	1318.89
745.40	1386.47
745.58	1302.51
745.76	1351.66
745.94	1306.60
746.13	1327.08
746.31	1220.59
746.49	1288.17
746.67	1294.32
746.86	1366.00
747.04	1253.36
747.22	1351.66
747.40	1296.36
747.58	1273.84
747.77	1327.08
747.95	1282.03
748.13	1337.32
748.31	1314.80
748.49	1318.89
748.68	1343.47
748.86	1177.58
749.04	1298.41
749.22	1273.84
749.40	1271.79
749.59	1300.46
749.77	1314.80
749.95	1345.52
750.13	1327.08
750.31	1363.95
750.49	1312.75
750.68	1370.09
750.86	1333.23
751.04	1347.56
751.22	1343.47
751.40	1394.67
751.59	1298.41
751.77	1355.76
751.95	1325.04
752.13	1343.47
752.31	1286.12
752.49	1341.42
752.68	1325.04
752.86	1355.76
753.04	1380.33
753.22	1329.13
753.40	1327.08
753.58	1300.46
753.76	1357.80
753.95	1322.99
754.13	1318.89
754.31	1282.03
754.49	1325.04
754.67	1288.17
754.85	1318.89
755.04	1286.12
755.22	1347.56
755.40	1345.52
755.58	1265.64
755.76	1255.40
755.94	1400.81
756.12	1316.84
756.30	1275.88
756.49	1257.45
756.67	1273.84
756.85	1335.28
757.03	1310.70
757.21	1298.41
757.39	1306.60
757.57	1316.84
757.75	1228.78
757.94	1318.89
758.12	1263.60
758.30	1296.36
758.48	1290.22
758.66	1251.31
758.84	1349.61
759.02	1273.84
759.20	1333.23
759.38	1327.08
759.57	1202.16
759.75	1306.60
759.93	1343.47
760.11	1277.93
760.29	1322.99
760.47	1322.99
760.65	1351.66
760.83	1286.12
761.01	1300.46
761.19	1335.28
761.38	1298.41
761.56	1253.36
761.74	1345.52
761.92	1339.37
762.10	1335.28
762.28	1279.98
762.46	1312.75
762.64	1349.61
762.82	1380.33
763.00	1363.95
763.18	1402.86
763.36	1361.90
763.54	1406.95
763.73	1431.53
763.91	1429.48
764.09	1359.85
764.27	1394.67
764.45	1331.18
764.63	1406.95
764.81	1257.45
764.99	1325.04
765.17	1370.09
765.35	1335.28
765.53	1343.47
765.71	1366.00
765.89	1322.99
766.07	1306.60
766.25	1353.71
766.43	1300.46
766.61	1316.84
766.79	1314.80
766.98	1294.32
767.16	1406.95
767.34	1347.56
767.52	1292.27
767.70	1290.22
767.88	1376.24
768.06	1322.99
768.24	1294.32
768.42	1245.16
768.60	1296.36
768.78	1359.85
768.96	1269.74
769.14	1325.04
769.32	1347.56
769.50	1314.80
769.68	1318.89
769.86	1234.93
770.04	1384.43
770.22	1349.61
770.40	1314.80
770.58	1372.14
770.76	1271.79
770.94	1296.36
771.12	1325.04
771.30	1331.18
771.48	1292.27
771.66	1286.12
771.84	1366.00
772.02	1312.75
772.20	1359.85
772.38	1337.32
772.56	1366.00
772.74	1396.71
772.92	1361.90
773.10	1359.85
773.28	1425.39
773.46	1335.28
773.64	1288.17
773.82	1304.56
774.00	1288.17
774.18	1277.93
774.36	1290.22
774.54	1267.69
774.72	1263.60
774.90	1331.18
775.08	1292.27
775.26	1282.03
775.44	1325.04
775.62	1349.61
775.80	1384.43
775.97	1312.75
776.15	1275.88
776.33	1331.18
776.51	1286.12
776.69	1327.08
776.87	1320.94
777.05	1316.84
777.23	1320.94
777.41	1316.84
777.59	1284.08
777.77	1331.18
777.95	1339.37
778.13	1255.40
778.31	1318.89
778.49	1275.88
778.67	1296.36
778.85	1284.08
779.03	1322.99
779.21	1333.23
779.38	1310.70
779.56	1333.23
779.74	1232.88
779.92	1296.36
780.10	1282.03
780.28	1284.08
780.46	1288.17
780.64	1306.60
780.82	1322.99
781.00	1296.36
781.18	1273.84
781.36	1316.84
781.53	1316.84
781.71	1312.75
781.89	1335.28
782.07	1279.98
782.25	1349.61
782.43	1302.51
782.61	1286.12
782.79	1308.65
782.97	1378.28
783.15	1351.66
783.33	1341.42
783.50	1306.60
783.68	1288.17
783.86	1302.51
784.04	1306.60
784.22	1275.88
784.40	1329.13
784.58	1275.88
784.76	1294.32
784.94	1259.50
785.11	1357.80
785.29	1347.56
785.47	1273.84
785.65	1279.98
785.83	1269.74
786.01	1294.32
786.19	1310.70
786.37	1255.40
786.54	1314.80
786.72	1349.61
786.90	1255.40
787.08	1284.08
787.26	1298.41
787.44	1302.51
787.62	1304.56
787.79	1316.84
787.97	1335.28
788.15	1288.17
788.33	1255.40
788.51	1284.08
788.69	1314.80
788.87	1298.41
789.04	1308.65
789.22	1241.07
789.40	1298.41
789.58	1331.18
789.76	1273.84
789.94	1333.23
790.11	1331.18
790.29	1372.14
790.47	1331.18
790.65	1331.18
790.83	1294.32
791.01	1339.37
791.18	1339.37
791.36	1208.30
791.54	1314.80
791.72	1230.83
791.90	1277.93
792.07	1366.00
792.25	1316.84
792.43	1282.03
792.61	1333.23
792.79	1314.80
792.97	1318.89
793.14	1316.84
793.32	1292.27
793.50	1273.84
793.68	1261.55
793.86	1294.32
794.03	1318.89
794.21	1257.45
794.39	1322.99
794.57	1343.47
794.75	1322.99
794.92	1357.80
795.10	1304.56
795.28	1366.00
795.46	1316.84
795.64	1273.84
795.81	1331.18
795.99	1322.99
796.17	1259.50
796.35	1286.12
796.52	1257.45
796.70	1306.60
796.88	1290.22
797.06	1265.64
797.24	1314.80
797.41	1277.93
797.59	1355.76
797.77	1271.79
797.95	1257.45
798.12	1263.60
798.30	1228.78
798.48	1261.55
798.66	1329.13
798.83	1329.13
799.01	1257.45
799.19	1282.03
799.37	1404.91
799.54	1284.08
799.72	1308.65
799.90	1282.03
800.08	1335.28
800.25	1349.61
800.43	1312.75
800.61	1382.38
800.79	1327.08
800.96	1312.75
801.14	1335.28
801.32	1402.86
801.50	1310.70
801.67	1247.21
801.85	1314.80
802.03	1382.38
802.21	1296.36
802.38	1392.62
802.56	1306.60
802.74	1310.70
802.91	1382.38
803.09	1327.08
803.27	1312.75
803.45	1355.76
803.62	1339.37
803.80	1333.23
803.98	1343.47
804.15	1298.41
804.33	1306.60
804.51	1333.23
804.69	1269.74
804.86	1376.24
805.04	1269.74
805.22	1312.75
805.39	1339.37
805.57	1292.27
805.75	1316.84
805.92	1370.09
806.10	1310.70
806.28	1343.47
806.45	1343.47
806.63	1308.65
806.81	1271.79
806.99	1376.24
807.16	1314.80
807.34	1247.21
807.52	1318.89
807.69	1222.64
807.87	1359.85
808.05	1366.00
808.22	1355.76
808.40	1335.28
808.58	1322.99
808.75	1361.90
808.93	1370.09
809.11	1308.65
809.28	1279.98
809.46	1312.75
809.64	1341.42
809.81	1316.84
809.99	1361.90
810.17	1396.71
810.34	1456.11
810.52	1370.09
810.70	1333.23
810.87	1376.24
811.05	1423.34
811.22	1421.29
811.40	1449.96
811.58	1406.95
811.75	1441.77
811.93	1421.29
812.11	1400.81
812.28	1421.29
812.46	1359.85
812.64	1320.94
812.81	1308.65
812.99	1374.19
813.16	1320.94
813.34	1296.36
813.52	1216.49
813.69	1304.56
813.87	1253.36
814.05	1363.95
814.22	1273.84
814.40	1372.14
814.57	1314.80
814.75	1355.76
814.93	1322.99
815.10	1415.15
815.28	1253.36
815.46	1302.51
815.63	1284.08
815.81	1339.37
815.98	1337.32
816.16	1331.18
816.34	1290.22
816.51	1257.45
816.69	1318.89
816.86	1302.51
817.04	1320.94
817.21	1310.70
817.39	1327.08
817.57	1282.03
817.74	1310.70
817.92	1267.69
818.09	1357.80
818.27	1261.55
818.45	1314.80
818.62	1296.36
818.80	1329.13
818.97	1267.69
819.15	1282.03
819.32	1312.75
819.50	1302.51
819.68	1271.79
819.85	1298.41
820.03	1294.32
820.20	1267.69
820.38	1335.28
820.55	1286.12
820.73	1345.52
820.91	1275.88
821.08	1286.12
821.26	1329.13
821.43	1273.84
821.61	1304.56
821.78	1282.03
821.96	1269.74
822.13	1363.95
822.31	1312.75
822.48	1316.84
822.66	1253.36
822.84	1304.56
823.01	1247.21
823.19	1273.84
823.36	1327.08
823.54	1284.08
823.71	1327.08
823.89	1359.85
824.06	1292.27
824.24	1318.89
824.41	1308.65
824.59	1265.64
824.76	1312.75
824.94	1269.74
825.11	1331.18
825.29	1290.22
825.46	1253.36
825.64	1306.60
825.81	1245.16
825.99	1378.28
826.16	1286.12
826.34	1314.80
826.52	1302.51
826.69	1329.13
826.87	1306.60
827.04	1343.47
827.22	1249.26
827.39	1331.18
827.57	1286.12
827.74	1284.08
827.91	1232.88
828.09	1294.32
828.26	1304.56
828.44	1318.89
828.61	1292.27
828.79	1273.84
828.96	1292.27
829.14	1296.36
829.31	1331.18
829.49	1316.84
829.66	1331.18
829.84	1316.84
830.01	1290.22
830.19	1347.56
830.36	1308.65
830.54	1314.80
830.71	1390.57
830.89	1259.50
831.06	1257.45
831.24	1306.60
831.41	1241.07
831.58	1363.95
831.76	1255.40
831.93	1294.32
832.11	1318.89
832.28	1308.65
832.46	1310.70
832.63	1322.99
832.81	1347.56
832.98	1288.17
833.16	1312.75
833.33	1302.51
833.50	1355.76
833.68	1318.89
833.85	1337.32
834.03	1292.27
834.20	1269.74
834.38	1271.79
834.55	1320.94
834.72	1292.27
834.90	1325.04
835.07	1294.32
835.25	1314.80
835.42	1337.32
835.60	1349.61
835.77	1308.65
835.94	1284.08
836.12	1325.04
836.29	1273.84
836.47	1335.28
836.64	1243.12
836.81	1316.84
836.99	1345.52
837.16	1239.02
837.34	1300.46
837.51	1265.64
837.68	1273.84
837.86	1300.46
838.03	1257.45
838.21	1341.42
838.38	1232.88
838.55	1284.08
838.73	1337.32
838.90	1353.71
839.08	1273.84
839.25	1312.75
839.42	1347.56
839.60	1306.60
839.77	1337.32
839.95	1335.28
840.12	1249.26
840.29	1269.74
840.47	1345.52
840.64	1265.64
840.81	1271.79
840.99	1314.80
841.16	1331.18
841.34	1306.60
841.51	1388.52
841.68	1349.61
841.86	1343.47
842.03	1347.56
842.20	1306.60
842.38	1331.18
842.55	1298.41
842.72	1349.61
842.90	1320.94
843.07	1421.29
843.24	1277.93
843.42	1368.04
843.59	1298.41
843.77	1339.37
843.94	1335.28
844.11	1312.75
844.29	1263.60
844.46	1310.70
844.63	1333.23
844.81	1292.27
844.98	1300.46
845.15	1339.37
845.33	1290.22
845.50	1343.47
845.67	1322.99
845.85	1300.46
846.02	1349.61
846.19	1302.51
846.37	1306.60
846.54	1304.56
846.71	1308.65
846.88	1255.40
847.06	1277.93
847.23	1290.22
847.40	1255.40
847.58	1273.84
847.75	1322.99
847.92	1327.08
848.10	1284.08
848.27	1333.23
848.44	1259.50
848.62	1247.21
848.79	1308.65
848.96	1322.99
849.13	1351.66
849.31	1284.08
849.48	1337.32
849.65	1247.21
849.83	1265.64
850.00	1292.27
850.17	1259.50
850.34	1341.42
850.52	1298.41
850.69	1316.84
850.86	1275.88
851.04	1263.60
851.21	1335.28
851.38	1288.17
851.55	1296.36
851.73	1343.47
851.90	1343.47
852.07	1347.56
852.24	1277.93
852.42	1296.36
852.59	1290.22
852.76	1329.13
852.93	1355.76
853.11	1339.37
853.28	1357.80
853.45	1275.88
853.62	1302.51
853.80	1269.74
853.97	1261.55
854.14	1316.84
854.31	1325.04
854.49	1339.37
854.66	1302.51
854.83	1302.51
855.00	1286.12
855.18	1286.12
855.35	1288.17
855.52	1343.47
855.69	1251.31
855.87	1277.93
856.04	1343.47
856.21	1200.11
856.38	1366.00
856.56	1290.22
856.73	1269.74
856.90	1284.08
857.07	1306.60
857.24	1263.60
857.42	1318.89
857.59	1284.08
857.76	1333.23
857.93	1312.75
858.10	1265.64
858.28	1282.03
858.45	1300.46
858.62	1322.99
858.79	1302.51
858.96	1312.75
859.14	1345.52
859.31	1286.12
859.48	1314.80
859.65	1286.12
859.82	1284.08
860.00	1275.88
860.17	1279.98
860.34	1310.70
860.51	1257.45
860.68	1359.85
860.86	1316.84
861.03	1345.52
861.20	1282.03
861.37	1325.04
861.54	1306.60
861.71	1265.64
861.89	1273.84
862.06	1273.84
862.23	1347.56
862.40	1304.56
862.57	1329.13
862.74	1312.75
862.92	1288.17
863.09	1325.04
863.26	1394.67
863.43	1353.71
863.60	1300.46
863.77	1288.17
863.95	1282.03
864.12	1339.37
864.29	1259.50
864.46	1345.52
864.63	1347.56
864.80	1306.60
864.97	1273.84
865.15	1277.93
865.32	1339.37
865.49	1304.56
865.66	1331.18
865.83	1284.08
866.00	1261.55
866.17	1257.45
866.35	1316.84
866.52	1314.80
866.69	1388.52
866.86	1306.60
867.03	1337.32
867.20	1302.51
867.37	1339.37
867.54	1275.88
867.72	1322.99
867.89	1218.54
868.06	1331.18
868.23	1331.18
868.40	1236.97
868.57	1331.18
868.74	1290.22
868.91	1316.84
869.08	1286.12
869.26	1316.84
869.43	1374.19
869.60	1251.31
869.77	1341.42
869.94	1320.94
870.11	1286.12
870.28	1302.51
870.45	1284.08
870.62	1265.64
870.79	1306.60
870.96	1273.84
871.14	1275.88
871.31	1355.76
871.48	1310.70
871.65	1284.08
871.82	1271.79
871.99	1292.27
872.16	1282.03
872.33	1337.32
872.50	1290.22
872.67	1294.32
872.84	1333.23
873.01	1257.45
873.18	1273.84
873.35	1275.88
873.53	1355.76
873.70	1312.75
873.87	1288.17
874.04	1292.27
874.21	1314.80
874.38	1351.66
874.55	1273.84
874.72	1357.80
874.89	1265.64
875.06	1308.65
875.23	1282.03
875.40	1318.89
875.57	1249.26
875.74	1347.56
875.91	1314.80
876.08	1327.08
876.25	1308.65
876.42	1273.84
876.59	1267.69
876.76	1325.04
876.93	1257.45
877.10	1318.89
877.27	1322.99
877.44	1329.13
877.61	1335.28
877.79	1300.46
877.96	1275.88
878.13	1288.17
878.30	1296.36
878.47	1284.08
878.64	1325.04
878.81	1288.17
878.98	1355.76
879.15	1261.55
879.32	1302.51
879.49	1284.08
879.66	1253.36
879.83	1251.31
880.00	1325.04
880.17	1284.08
880.34	1347.56
880.51	1314.80
880.68	1314.80
880.85	1218.54
881.02	1314.80
881.19	1343.47
881.36	1333.23
881.53	1310.70
881.69	1249.26
881.86	1298.41
882.03	1286.12
882.20	1314.80
882.37	1290.22
882.54	1296.36
882.71	1302.51
882.88	1331.18
883.05	1357.80
883.22	1296.36
883.39	1286.12
883.56	1312.75
883.73	1308.65
883.90	1339.37
884.07	1296.36
884.24	1286.12
884.41	1247.21
884.58	1337.32
884.75	1327.08
884.92	1290.22
885.09	1300.46
885.26	1269.74
885.43	1337.32
885.60	1259.50
885.77	1318.89
885.93	1220.59
886.10	1331.18
886.27	1294.32
886.44	1302.51
886.61	1333.23
886.78	1284.08
886.95	1298.41
887.12	1312.75
887.29	1331.18
887.46	1306.60
887.63	1290.22
887.80	1284.08
887.97	1300.46
888.14	1292.27
888.30	1374.19
888.47	1269.74
888.64	1284.08
888.81	1261.55
888.98	1275.88
889.15	1216.49
889.32	1300.46
889.49	1322.99
889.66	1351.66
889.83	1327.08
890.00	1345.52
890.16	1331.18
890.33	1363.95
890.50	1339.37
890.67	1357.80
890.84	1337.32
891.01	1263.60
891.18	1318.89
891.35	1282.03
891.52	1247.21
891.68	1302.51
