0.00	1232.88
1.00	1232.88
2.00	1232.88
3.00	1290.22
4.00	1259.50
5.00	1277.93
6.00	1296.36
7.00	1243.12
8.00	1333.23
9.00	1294.32
10.00	1288.17
11.00	1247.21
12.00	1339.37
13.00	1333.23
14.00	1306.60
15.00	1329.13
16.00	1253.36
17.00	1226.73
18.00	1337.32
19.00	1294.32
20.00	1296.36
21.00	1282.03
22.00	1261.55
23.00	1318.89
24.00	1316.84
25.00	1271.79
26.00	1306.60
27.00	1298.41
28.00	1265.64
29.00	1306.60
30.00	1310.70
31.00	1300.46
32.00	1325.04
33.00	1320.94
34.00	1277.93
35.00	1316.84
36.00	1243.12
37.00	1267.69
38.00	1331.18
39.00	1273.84
40.00	1249.26
41.00	1310.70
42.00	1331.18
43.00	1279.98
44.00	1275.88
45.00	1314.80
46.00	1337.32
47.00	1277.93
48.00	1265.64
49.00	1243.12
50.00	1322.99
51.00	1294.32
52.00	1296.36
53.00	1249.26
54.00	1259.50
55.00	1318.89
56.00	1341.42
57.00	1261.55
58.00	1273.84
59.00	1277.93
60.00	1339.37
61.00	1273.84
62.00	1257.45
63.00	1273.84
64.00	1284.08
65.00	1273.84
66.00	1257.45
67.00	1255.40
68.00	1259.50
69.00	1226.73
70.00	1351.66
71.00	1294.32
72.00	1335.28
73.00	1292.27
74.00	1284.08
75.00	1329.13
76.00	1277.93
77.00	1314.80
78.00	1327.08
79.00	1259.50
80.00	1308.65
81.00	1300.46
82.00	1288.17
83.00	1277.93
84.00	1329.13
85.00	1273.84
86.00	1288.17
87.00	1255.40
88.00	1294.32
89.00	1308.65
90.00	1322.99
91.00	1306.60
92.00	1282.03
93.00	1339.37
94.00	1277.93
95.00	1271.79
96.00	1245.16
97.00	1308.65
98.00	1286.12
99.00	1273.84
100.00	1384.43
101.00	1298.41
102.00	1329.13
103.00	1302.51
104.00	1316.84
105.00	1245.16
106.00	1302.51
107.00	1273.84
108.00	1298.41
109.00	1290.22
110.00	1282.03
111.00	1312.75
112.00	1277.93
113.00	1261.55
114.00	1267.69
115.00	1282.03
116.00	1251.31
117.00	1251.31
118.00	1277.93
119.00	1251.31
120.00	1318.89
121.00	1312.75
122.00	1312.75
123.00	1382.38
124.00	1325.04
125.00	1267.69
126.00	1298.41
127.00	1265.64
128.00	1339.37
129.00	1308.65
130.00	1226.73
131.00	1322.99
132.00	1337.32
133.00	1343.47
134.00	1400.81
135.00	1355.76
136.00	1255.40
137.00	1277.93
138.00	1292.27
139.00	1247.21
140.00	1320.94
141.00	1265.64
142.00	1198.06
143.00	1335.28
144.00	1339.37
145.00	1277.93
146.00	1277.93
147.00	1329.13
148.00	1292.27
149.00	1304.56
150.00	1349.61
151.00	1333.23
152.00	1282.03
153.00	1331.18
154.00	1339.37
155.00	1327.08
156.00	1312.75
157.00	1271.79
158.00	1329.13
159.00	1247.21
160.00	1318.89
161.00	1284.08
162.00	1298.41
163.00	1298.41
164.00	1302.51
165.00	1284.08
166.00	1339.37
167.00	1300.46
168.00	1339.37
169.00	1300.46
170.00	1316.84
171.00	1298.41
172.00	1263.60
173.00	1259.50
174.00	1267.69
175.00	1275.88
176.00	1310.70
177.00	1253.36
178.00	1329.13
179.00	1316.84
180.00	1267.69
181.00	1322.99
182.00	1306.60
183.00	1306.60
184.00	1308.65
185.00	1310.70
186.00	1251.31
187.00	1228.78
188.00	1271.79
189.00	1327.08
190.00	1335.28
191.00	1249.26
192.00	1310.70
193.00	1314.80
194.00	1265.64
195.00	1329.13
196.00	1331.18
197.00	1290.22
198.00	1320.94
199.00	1327.08
200.00	1304.56
201.00	1298.41
202.00	1316.84
203.00	1269.74
204.00	1288.17
205.00	1331.18
206.00	1286.12
207.00	1314.80
208.00	1335.28
209.00	1327.08
210.00	1261.55
211.00	1294.32
212.00	1325.04
213.00	1331.18
214.00	1298.41
215.00	1349.61
216.00	1318.89
217.00	1284.08
218.00	1261.55
219.00	1253.36
220.00	1294.32
221.00	1275.88
222.00	1329.13
223.00	1298.41
224.00	1275.88
225.00	1243.12
226.00	1241.07
227.00	1300.46
228.00	1333.23
229.00	1300.46
230.00	1302.51
231.00	1249.26
232.00	1308.65
233.00	1316.84
234.00	1261.55
235.00	1275.88
236.00	1337.32
237.00	1318.89
238.00	1312.75
239.00	1292.27
240.00	1310.70
241.00	1363.95
242.00	1341.42
243.00	1355.76
244.00	1298.41
245.00	1255.40
246.00	1337.32
247.00	1347.56
248.00	1286.12
249.00	1320.94
250.00	1298.41
251.00	1220.59
252.00	1329.13
253.00	1302.51
254.00	1296.36
255.00	1245.16
256.00	1286.12
257.00	1267.69
258.00	1277.93
259.00	1333.23
260.00	1312.75
261.00	1300.46
262.00	1284.08
263.00	1286.12
264.00	1292.27
265.00	1329.13
266.00	1269.74
267.00	1329.13
268.00	1302.51
269.00	1267.69
270.00	1329.13
271.00	1370.09
272.00	1277.93
273.00	1322.99
274.00	1275.88
275.00	1318.89
276.00	1325.04
277.00	1286.12
278.00	1314.80
279.00	1325.04
280.00	1349.61
281.00	1320.94
282.00	1370.09
283.00	1239.02
284.00	1294.32
285.00	1304.56
286.00	1343.47
287.00	1322.99
288.00	1312.75
289.00	1294.32
290.00	1308.65
291.00	1292.27
292.00	1320.94
293.00	1325.04
294.00	1347.56
295.00	1257.45
296.00	1363.95
297.00	1286.12
298.00	1341.42
299.00	1320.94
300.00	1341.42
301.00	1302.51
302.00	1302.51
303.00	1337.32
304.00	1314.80
305.00	1312.75
306.00	1325.04
307.00	1306.60
308.00	1322.99
309.00	1374.19
310.00	1355.76
311.00	1290.22
312.00	1345.52
313.00	1343.47
314.00	1384.43
315.00	1345.52
316.00	1384.43
317.00	1353.71
318.00	1421.29
319.00	1411.05
320.00	1437.67
321.00	1490.92
322.00	1351.66
323.00	1376.24
324.00	1441.77
325.00	1374.19
326.00	1400.81
327.00	1458.15
328.00	1437.67
329.00	1482.73
330.00	1472.49
331.00	1472.49
332.00	1525.74
333.00	1525.74
334.00	1513.45
335.00	1527.78
336.00	1630.18
337.00	1650.66
338.00	1527.78
339.00	1648.61
340.00	1720.29
341.00	1667.05
342.00	1755.11
343.00	1828.84
344.00	1994.72
345.00	2254.81
346.00	2951.12
347.00	5398.45
348.00	11444.05
349.00	19318.49
350.00	27715.16
351.00	32704.01
352.00	32257.56
353.00	28354.13
354.00	19267.29
355.00	11421.52
356.00	5885.86
357.00	3309.52
358.00	2371.55
359.00	1955.81
360.00	1847.27
361.00	1820.64
362.00	1703.91
363.00	1701.86
364.00	1617.90
365.00	1665.00
366.00	1570.79
367.00	1570.79
368.00	1554.41
369.00	1527.78
370.00	1443.82
371.00	1443.82
372.00	1497.07
373.00	1361.90
374.00	1411.05
375.00	1433.58
376.00	1421.29
377.00	1425.39
378.00	1425.39
379.00	1404.91
380.00	1355.76
381.00	1431.53
382.00	1318.89
383.00	1374.19
384.00	1413.10
385.00	1415.15
386.00	1372.14
387.00	1349.61
388.00	1366.00
389.00	1304.56
390.00	1337.32
391.00	1361.90
392.00	1310.70
393.00	1320.94
394.00	1343.47
395.00	1347.56
396.00	1296.36
397.00	1316.84
398.00	1378.28
399.00	1345.52
400.00	1372.14
401.00	1359.85
402.00	1325.04
403.00	1363.95
404.00	1363.95
405.00	1439.72
406.00	1458.15
407.00	1355.76
408.00	1359.85
409.00	1376.24
410.00	1359.85
411.00	1339.37
412.00	1314.80
413.00	1306.60
414.00	1359.85
415.00	1347.56
416.00	1316.84
417.00	1290.22
418.00	1353.71
419.00	1337.32
420.00	1290.22
421.00	1306.60
422.00	1359.85
423.00	1310.70
424.00	1347.56
425.00	1376.24
426.00	1314.80
427.00	1290.22
428.00	1341.42
429.00	1312.75
430.00	1327.08
431.00	1357.80
432.00	1296.36
433.00	1304.56
434.00	1304.56
435.00	1349.61
436.00	1322.99
437.00	1351.66
438.00	1351.66
439.00	1243.12
440.00	1325.04
441.00	1327.08
442.00	1318.89
443.00	1320.94
444.00	1302.51
445.00	1339.37
446.00	1267.69
447.00	1351.66
448.00	1318.89
449.00	1343.47
450.00	1306.60
451.00	1347.56
452.00	1322.99
453.00	1341.42
454.00	1298.41
455.00	1331.18
456.00	1279.98
457.00	1284.08
458.00	1314.80
459.00	1329.13
460.00	1269.74
461.00	1318.89
462.00	1343.47
463.00	1327.08
464.00	1363.95
465.00	1333.23
466.00	1310.70
467.00	1380.33
468.00	1318.89
469.00	1327.08
470.00	1343.47
471.00	1304.56
472.00	1300.46
473.00	1329.13
474.00	1361.90
475.00	1347.56
476.00	1255.40
477.00	1333.23
478.00	1322.99
479.00	1298.41
480.00	1351.66
481.00	1359.85
482.00	1357.80
483.00	1277.93
484.00	1300.46
485.00	1312.75
486.00	1353.71
487.00	1275.88
488.00	1325.04
489.00	1331.18
490.00	1294.32
491.00	1335.28
492.00	1292.27
493.00	1273.84
494.00	1292.27
495.00	1314.80
496.00	1255.40
497.00	1288.17
498.00	1322.99
499.00	1320.94
500.00	1327.08
501.00	1294.32
502.00	1347.56
503.00	1320.94
504.00	1286.12
505.00	1286.12
506.00	1337.32
507.00	1296.36
508.00	1265.64
509.00	1308.65
510.00	1279.98
511.00	1273.84
512.00	1273.84
513.00	1294.32
514.00	1304.56
515.00	1308.65
516.00	1386.47
517.00	1269.74
518.00	1443.82
519.00	1419.24
520.00	1398.76
521.00	1288.17
522.00	1337.32
523.00	1290.22
524.00	1294.32
525.00	1314.80
526.00	1337.32
527.00	1245.16
528.00	1337.32
529.00	1308.65
530.00	1376.24
531.00	1345.52
532.00	1382.38
533.00	1292.27
534.00	1245.16
535.00	1314.80
536.00	1257.45
537.00	1220.59
538.00	1335.28
539.00	1325.04
540.00	1351.66
541.00	1314.80
542.00	1347.56
543.00	1345.52
544.00	1347.56
545.00	1320.94
546.00	1304.56
547.00	1372.14
548.00	1294.32
549.00	1404.91
550.00	1509.35
551.00	1654.76
552.00	1746.92
553.00	1851.36
554.00	1869.80
555.00	1658.85
556.00	1529.83
557.00	1472.49
558.00	1339.37
559.00	1331.18
560.00	1310.70
561.00	1343.47
562.00	1306.60
563.00	1290.22
564.00	1292.27
565.00	1300.46
566.00	1288.17
567.00	1255.40
568.00	1275.88
569.00	1310.70
570.00	1341.42
571.00	1261.55
572.00	1380.33
573.00	1337.32
574.00	1368.04
575.00	1339.37
576.00	1400.81
577.00	1441.77
578.00	1480.68
579.00	1619.94
580.00	1523.69
581.00	1458.15
582.00	1390.57
583.00	1310.70
584.00	1273.84
585.00	1222.64
586.00	1308.65
587.00	1273.84
588.00	1314.80
589.00	1333.23
590.00	1318.89
591.00	1298.41
592.00	1310.70
593.00	1325.04
594.00	1310.70
595.00	1267.69
596.00	1302.51
597.00	1294.32
598.00	1314.80
599.00	1318.89
600.00	1331.18
601.00	1277.93
602.00	1273.84
603.00	1318.89
604.00	1296.36
605.00	1359.85
606.00	1290.22
607.00	1327.08
608.00	1288.17
609.00	1294.32
610.00	1331.18
611.00	1296.36
612.00	1286.12
613.00	1286.12
614.00	1349.61
615.00	1318.89
616.00	1296.36
617.00	1259.50
618.00	1363.95
619.00	1355.76
620.00	1327.08
621.00	1390.57
622.00	1376.24
623.00	1476.59
624.00	1644.52
625.00	1886.18
626.00	2152.42
627.00	2422.75
628.00	2785.24
629.00	3051.47
630.00	3049.43
631.00	2901.97
632.00	2607.06
633.00	2289.63
634.00	2000.87
635.00	1644.52
636.00	1490.92
637.00	1437.67
638.00	1376.24
639.00	1413.10
640.00	1290.22
641.00	1228.78
642.00	1343.47
643.00	1288.17
644.00	1259.50
645.00	1306.60
646.00	1355.76
647.00	1300.46
648.00	1286.12
649.00	1337.32
650.00	1400.81
651.00	1257.45
652.00	1251.31
653.00	1279.98
654.00	1279.98
655.00	1226.73
656.00	1327.08
657.00	1343.47
658.00	1308.65
659.00	1337.32
660.00	1210.35
661.00	1322.99
662.00	1294.32
663.00	1292.27
664.00	1310.70
665.00	1325.04
666.00	1322.99
667.00	1267.69
668.00	1390.57
669.00	1224.69
670.00	1279.98
671.00	1257.45
672.00	1345.52
673.00	1271.79
674.00	1294.32
675.00	1345.52
676.00	1259.50
677.00	1300.46
678.00	1325.04
679.00	1318.89
680.00	1335.28
681.00	1245.16
682.00	1363.95
683.00	1282.03
684.00	1316.84
685.00	1304.56
686.00	1329.13
687.00	1298.41
688.00	1269.74
689.00	1333.23
690.00	1327.08
691.00	1366.00
692.00	1318.89
693.00	1322.99
694.00	1267.69
695.00	1318.89
696.00	1298.41
697.00	1314.80
698.00	1314.80
699.00	1249.26
700.00	1282.03
701.00	1325.04
702.00	1318.89
703.00	1300.46
704.00	1294.32
705.00	1236.97
706.00	1384.43
707.00	1329.13
708.00	1286.12
709.00	1269.74
710.00	1361.90
711.00	1294.32
712.00	1325.04
713.00	1353.71
714.00	1325.04
715.00	1257.45
716.00	1290.22
717.00	1300.46
718.00	1353.71
719.00	1308.65
720.00	1284.08
721.00	1322.99
722.00	1327.08
723.00	1322.99
724.00	1300.46
725.00	1419.24
726.00	1376.24
727.00	1296.36
728.00	1325.04
729.00	1452.01
730.00	1394.67
731.00	1345.52
732.00	1445.87
733.00	1370.09
734.00	1320.94
735.00	1306.60
736.00	1300.46
737.00	1322.99
738.00	1327.08
739.00	1337.32
740.00	1286.12
741.00	1351.66
742.00	1320.94
743.00	1300.46
744.00	1267.69
745.00	1245.16
746.00	1288.17
747.00	1298.41
748.00	1294.32
749.00	1271.79
750.00	1294.32
751.00	1341.42
752.00	1300.46
753.00	1322.99
754.00	1284.08
755.00	1275.88
756.00	1290.22
757.00	1273.84
758.00	1333.23
759.00	1263.60
760.00	1306.60
761.00	1290.22
762.00	1269.74
763.00	1372.14
764.00	1279.98
765.00	1290.22
766.00	1269.74
767.00	1337.32
768.00	1298.41
769.00	1374.19
770.00	1306.60
771.00	1255.40
772.00	1376.24
773.00	1243.12
774.00	1282.03
775.00	1239.02
776.00	1273.84
777.00	1357.80
778.00	1296.36
779.00	1241.07
780.00	1253.36
781.00	1308.65
782.00	1302.51
783.00	1306.60
784.00	1316.84
785.00	1230.83
786.00	1284.08
787.00	1292.27
788.00	1292.27
789.00	1261.55
790.00	1298.41
791.00	1327.08
792.00	1282.03
793.00	1316.84
794.00	1292.27
795.00	1329.13
796.00	1355.76
797.00	1316.84
798.00	1308.65
799.00	1302.51
800.00	1318.89
801.00	1249.26
802.00	1273.84
803.00	1292.27
804.00	1284.08
805.00	1300.46
806.00	1322.99
807.00	1302.51
808.00	1316.84
809.00	1339.37
810.00	1337.32
811.00	1304.56
812.00	1232.88
813.00	1200.11
814.00	1273.84
815.00	1304.56
816.00	1292.27
817.00	1212.40
818.00	1284.08
819.00	1308.65
820.00	1316.84
821.00	1304.56
822.00	1357.80
823.00	1300.46
824.00	1345.52
825.00	1370.09
826.00	1327.08
827.00	1316.84
828.00	1218.54
829.00	1282.03
830.00	1333.23
831.00	1298.41
832.00	1222.64
833.00	1302.51
834.00	1308.65
835.00	1290.22
836.00	1312.75
837.00	1275.88
838.00	1325.04
839.00	1290.22
840.00	1302.51
841.00	1327.08
842.00	1284.08
843.00	1312.75
844.00	1282.03
845.00	1343.47
846.00	1347.56
847.00	1304.56
848.00	1331.18
849.00	1286.12
850.00	1257.45
851.00	1322.99
852.00	1310.70
853.00	1243.12
854.00	1269.74
855.00	1327.08
856.00	1255.40
857.00	1316.84
858.00	1329.13
859.00	1327.08
860.00	1318.89
861.00	1269.74
862.00	1308.65
863.00	1384.43
864.00	1308.65
865.00	1314.80
866.00	1333.23
867.00	1327.08
868.00	1331.18
869.00	1292.27
870.00	1398.76
871.00	1427.43
872.00	1785.83
873.00	2050.02
874.00	2547.67
875.00	3041.23
876.00	3577.80
877.00	3624.90
878.00	3819.46
879.00	3606.47
880.00	3370.96
881.00	3045.33
882.00	2662.36
883.00	2447.32
884.00	2240.48
885.00	2047.97
886.00	1826.79
887.00	1601.51
888.00	1574.89
889.00	1458.15
890.00	1363.95
891.00	1398.76
892.00	1366.00
893.00	1265.64
894.00	1333.23
895.00	1300.46
896.00	1294.32
897.00	1308.65
898.00	1275.88
899.00	1302.51
900.00	1361.90
901.00	1302.51
902.00	1308.65
903.00	1322.99
904.00	1355.76
905.00	1306.60
906.00	1316.84
907.00	1310.70
908.00	1308.65
909.00	1271.79
910.00	1267.69
911.00	1292.27
912.00	1292.27
913.00	1335.28
914.00	1292.27
915.00	1257.45
916.00	1333.23
917.00	1275.88
918.00	1292.27
919.00	1292.27
920.00	1265.64
921.00	1310.70
922.00	1273.84
923.00	1325.04
924.00	1265.64
925.00	1282.03
926.00	1302.51
927.00	1335.28
928.00	1257.45
929.00	1243.12
930.00	1292.27
931.00	1312.75
932.00	1314.80
933.00	1329.13
934.00	1259.50
935.00	1288.17
936.00	1312.75
937.00	1236.97
938.00	1322.99
939.00	1273.84
940.00	1327.08
941.00	1308.65
942.00	1308.65
943.00	1249.26
944.00	1310.70
945.00	1296.36
946.00	1366.00
947.00	1239.02
948.00	1363.95
949.00	1300.46
950.00	1257.45
951.00	1331.18
952.00	1316.84
953.00	1314.80
954.00	1312.75
955.00	1290.22
956.00	1331.18
957.00	1259.50
958.00	1312.75
959.00	1312.75
960.00	1265.64
961.00	1222.64
962.00	1310.70
963.00	1271.79
964.00	1253.36
965.00	1265.64
966.00	1302.51
967.00	1271.79
968.00	1312.75
969.00	1304.56
970.00	1300.46
971.00	1310.70
972.00	1296.36
973.00	1294.32
974.00	1308.65
975.00	1314.80
976.00	1318.89
977.00	1329.13
978.00	1292.27
979.00	1355.76
980.00	1273.84
981.00	1296.36
982.00	1308.65
983.00	1314.80
984.00	1349.61
985.00	1277.93
986.00	1259.50
987.00	1382.38
988.00	1292.27
989.00	1245.16
990.00	1249.26
991.00	1267.69
992.00	1337.32
993.00	1286.12
994.00	1243.12
995.00	1357.80
996.00	1302.51
997.00	1302.51
998.00	1269.74
999.00	1310.70
1000.00	1284.08
1001.00	1316.84
1002.00	1269.74
1003.00	1325.04
1004.00	1339.37
1005.00	1224.69
1006.00	1255.40
1007.00	1234.93
1008.00	1312.75
1009.00	1308.65
1010.00	1300.46
1011.00	1302.51
1012.00	1277.93
1013.00	1331.18
1014.00	1310.70
1015.00	1284.08
1016.00	1310.70
1017.00	1322.99
1018.00	1308.65
1019.00	1327.08
1020.00	1277.93
1021.00	1288.17
1022.00	1357.80
1023.00	1290.22
1024.00	1241.07
1025.00	1318.89
1026.00	1269.74
1027.00	1261.55
1028.00	1253.36
1029.00	1292.27
1030.00	1261.55
1031.00	1310.70
1032.00	1294.32
1033.00	1296.36
1034.00	1357.80
1035.00	1298.41
1036.00	1277.93
1037.00	1351.66
1038.00	1366.00
1039.00	1335.28
1040.00	1290.22
1041.00	1322.99
1042.00	1345.52
1043.00	1357.80
1044.00	1279.98
1045.00	1320.94
1046.00	1316.84
1047.00	1226.73
1048.00	1331.18
1049.00	1331.18
1050.00	1335.28
1051.00	1302.51
1052.00	1232.88
1053.00	1316.84
1054.00	1329.13
1055.00	1300.46
1056.00	1366.00
1057.00	1314.80
1058.00	1298.41
1059.00	1339.37
1060.00	1366.00
1061.00	1470.44
1062.00	1783.78
1063.00	2203.61
1064.00	2652.12
1065.00	3164.11
1066.00	3643.34
1067.00	3860.42
1068.00	3792.84
1069.00	3618.76
1070.00	3174.35
1071.00	2748.37
1072.00	2385.88
1073.00	2129.89
1074.00	1871.84
1075.00	1576.94
1076.00	1456.11
1077.00	1445.87
1078.00	1392.62
1079.00	1476.59
1080.00	1570.79
1081.00	1558.50
1082.00	1687.53
1083.00	1644.52
1084.00	1662.95
1085.00	1621.99
1086.00	1517.54
1087.00	1474.54
1088.00	1458.15
1089.00	1345.52
1090.00	1300.46
1091.00	1275.88
1092.00	1263.60
1093.00	1273.84
1094.00	1343.47
1095.00	1370.09
1096.00	1329.13
1097.00	1333.23
1098.00	1257.45
1099.00	1310.70
1100.00	1277.93
1101.00	1261.55
1102.00	1333.23
1103.00	1339.37
1104.00	1300.46
1105.00	1372.14
1106.00	1296.36
1107.00	1349.61
1108.00	1347.56
1109.00	1298.41
1110.00	1349.61
1111.00	1386.47
1112.00	1374.19
1113.00	1335.28
1114.00	1294.32
1115.00	1286.12
1116.00	1226.73
1117.00	1320.94
1118.00	1298.41
1119.00	1306.60
1120.00	1320.94
1121.00	1247.21
1122.00	1257.45
1123.00	1339.37
1124.00	1333.23
1125.00	1298.41
1126.00	1312.75
1127.00	1312.75
1128.00	1243.12
1129.00	1308.65
1130.00	1292.27
1131.00	1267.69
1132.00	1249.26
1133.00	1302.51
1134.00	1230.83
1135.00	1288.17
1136.00	1341.42
1137.00	1259.50
1138.00	1314.80
1139.00	1245.16
1140.00	1282.03
1141.00	1259.50
1142.00	1275.88
1143.00	1198.06
1144.00	1241.07
1145.00	1322.99
1146.00	1341.42
1147.00	1282.03
1148.00	1286.12
1149.00	1277.93
1150.00	1308.65
1151.00	1265.64
1152.00	1296.36
1153.00	1294.32
1154.00	1345.52
1155.00	1273.84
1156.00	1286.12
1157.00	1247.21
1158.00	1325.04
1159.00	1269.74
1160.00	1333.23
1161.00	1273.84
1162.00	1331.18
1163.00	1196.01
1164.00	1312.75
1165.00	1284.08
1166.00	1259.50
1167.00	1349.61
1168.00	1294.32
1169.00	1269.74
1170.00	1279.98
1171.00	1363.95
1172.00	1368.04
1173.00	1234.93
1174.00	1304.56
1175.00	1331.18
1176.00	1357.80
1177.00	1290.22
1178.00	1333.23
1179.00	1267.69
1180.00	1208.30
1181.00	1257.45
1182.00	1292.27
1183.00	1314.80
1184.00	1296.36
1185.00	1290.22
1186.00	1300.46
1187.00	1341.42
1188.00	1325.04
1189.00	1306.60
1190.00	1320.94
1191.00	1357.80
1192.00	1345.52
1193.00	1345.52
1194.00	1292.27
1195.00	1312.75
1196.00	1331.18
1197.00	1320.94
1198.00	1288.17
1199.00	1290.22
1200.00	1343.47
1201.00	1298.41
1202.00	1329.13
1203.00	1310.70
1204.00	1329.13
1205.00	1331.18
1206.00	1402.86
1207.00	1404.91
1208.00	1349.61
1209.00	1402.86
1210.00	1474.54
1211.00	1480.68
1212.00	1658.85
1213.00	2365.40
1214.00	3243.98
1215.00	4104.13
1216.00	5371.82
1217.00	6031.27
1218.00	6348.70
1219.00	6490.01
1220.00	6250.40
1221.00	5814.18
1222.00	4820.92
1223.00	4112.32
1224.00	3499.98
1225.00	2791.38
1226.00	2338.78
1227.00	1984.48
1228.00	1611.75
1229.00	1589.22
1230.00	1382.38
1231.00	1460.20
1232.00	1413.10
1233.00	1394.67
1234.00	1322.99
1235.00	1351.66
1236.00	1298.41
1237.00	1386.47
1238.00	1316.84
1239.00	1386.47
1240.00	1335.28
1241.00	1275.88
1242.00	1306.60
1243.00	1322.99
1244.00	1349.61
1245.00	1347.56
1246.00	1335.28
1247.00	1320.94
1248.00	1296.36
1249.00	1218.54
1250.00	1259.50
1251.00	1310.70
1252.00	1294.32
1253.00	1302.51
1254.00	1253.36
1255.00	1351.66
1256.00	1286.12
1257.00	1282.03
1258.00	1292.27
1259.00	1304.56
1260.00	1273.84
1261.00	1290.22
1262.00	1378.28
1263.00	1277.93
1264.00	1300.46
1265.00	1318.89
1266.00	1347.56
1267.00	1322.99
1268.00	1306.60
1269.00	1267.69
1270.00	1310.70
1271.00	1331.18
1272.00	1247.21
1273.00	1277.93
1274.00	1322.99
1275.00	1265.64
1276.00	1282.03
1277.00	1318.89
1278.00	1265.64
1279.00	1282.03
1280.00	1282.03
1281.00	1239.02
1282.00	1333.23
1283.00	1300.46
1284.00	1331.18
1285.00	1341.42
1286.00	1341.42
1287.00	1214.45
1288.00	1308.65
1289.00	1337.32
1290.00	1271.79
1291.00	1271.79
1292.00	1277.93
1293.00	1310.70
1294.00	1325.04
1295.00	1304.56
1296.00	1314.80
1297.00	1298.41
1298.00	1275.88
1299.00	1347.56
1300.00	1275.88
1301.00	1245.16
1302.00	1304.56
1303.00	1241.07
1304.00	1306.60
1305.00	1304.56
1306.00	1257.45
1307.00	1296.36
1308.00	1355.76
1309.00	1308.65
1310.00	1335.28
1311.00	1267.69
1312.00	1341.42
1313.00	1253.36
1314.00	1361.90
1315.00	1353.71
1316.00	1343.47
1317.00	1322.99
1318.00	1300.46
1319.00	1230.83
1320.00	1290.22
1321.00	1318.89
1322.00	1271.79
1323.00	1308.65
1324.00	1294.32
1325.00	1277.93
1326.00	1302.51
1327.00	1251.31
1328.00	1269.74
1329.00	1316.84
1330.00	1302.51
1331.00	1333.23
1332.00	1392.62
1333.00	1316.84
1334.00	1245.16
1335.00	1347.56
1336.00	1320.94
1337.00	1286.12
1338.00	1296.36
1339.00	1312.75
1340.00	1298.41
1341.00	1269.74
1342.00	1255.40
1343.00	1241.07
1344.00	1261.55
1345.00	1337.32
1346.00	1302.51
1347.00	1304.56
1348.00	1292.27
1349.00	1300.46
1350.00	1251.31
1351.00	1226.73
1352.00	1277.93
1353.00	1327.08
1354.00	1265.64
1355.00	1312.75
1356.00	1296.36
1357.00	1370.09
1358.00	1263.60
1359.00	1249.26
1360.00	1296.36
1361.00	1257.45
1362.00	1269.74
1363.00	1318.89
1364.00	1308.65
1365.00	1243.12
1366.00	1298.41
1367.00	1263.60
1368.00	1286.12
1369.00	1327.08
1370.00	1300.46
1371.00	1294.32
1372.00	1347.56
1373.00	1314.80
1374.00	1318.89
1375.00	1288.17
1376.00	1308.65
1377.00	1320.94
1378.00	1296.36
1379.00	1218.54
1380.00	1345.52
1381.00	1230.83
1382.00	1294.32
1383.00	1273.84
1384.00	1286.12
1385.00	1318.89
1386.00	1257.45
1387.00	1306.60
1388.00	1304.56
1389.00	1282.03
1390.00	1284.08
1391.00	1300.46
1392.00	1306.60
1393.00	1298.41
1394.00	1302.51
1395.00	1314.80
1396.00	1290.22
1397.00	1271.79
1398.00	1286.12
1399.00	1239.02
1400.00	1349.61
1401.00	1286.12
1402.00	1312.75
1403.00	1282.03
1404.00	1269.74
1405.00	1236.97
1406.00	1222.64
1407.00	1294.32
1408.00	1267.69
1409.00	1249.26
1410.00	1290.22
1411.00	1298.41
1412.00	1292.27
1413.00	1306.60
1414.00	1273.84
1415.00	1310.70
1416.00	1206.25
1417.00	1273.84
1418.00	1314.80
1419.00	1292.27
1420.00	1329.13
1421.00	1312.75
1422.00	1310.70
1423.00	1306.60
1424.00	1304.56
1425.00	1294.32
1426.00	1353.71
1427.00	1337.32
1428.00	1290.22
1429.00	1325.04
1430.00	1308.65
1431.00	1312.75
1432.00	1370.09
1433.00	1300.46
1434.00	1239.02
1435.00	1333.23
1436.00	1261.55
1437.00	1331.18
1438.00	1337.32
1439.00	1310.70
1440.00	1343.47
1441.00	1306.60
1442.00	1224.69
1443.00	1277.93
1444.00	1273.84
1445.00	1257.45
1446.00	1310.70
1447.00	1343.47
1448.00	1257.45
1449.00	1333.23
1450.00	1333.23
1451.00	1212.40
1452.00	1343.47
1453.00	1308.65
1454.00	1314.80
1455.00	1265.64
1456.00	1331.18
1457.00	1314.80
1458.00	1308.65
1459.00	1302.51
1460.00	1361.90
1461.00	1349.61
1462.00	1345.52
1463.00	1318.89
1464.00	1275.88
1465.00	1251.31
1466.00	1306.60
1467.00	1251.31
1468.00	1265.64
1469.00	1366.00
1470.00	1243.12
1471.00	1294.32
1472.00	1302.51
1473.00	1265.64
1474.00	1318.89
1475.00	1308.65
1476.00	1386.47
1477.00	1263.60
1478.00	1269.74
1479.00	1275.88
1480.00	1329.13
1481.00	1314.80
1482.00	1239.02
1483.00	1318.89
1484.00	1357.80
1485.00	1322.99
1486.00	1284.08
1487.00	1355.76
1488.00	1292.27
1489.00	1271.79
1490.00	1298.41
1491.00	1333.23
1492.00	1316.84
1493.00	1277.93
1494.00	1337.32
1495.00	1372.14
1496.00	1329.13
1497.00	1337.32
1498.00	1331.18
1499.00	1308.65
1500.00	1347.56
1501.00	1306.60
1502.00	1322.99
1503.00	1335.28
1504.00	1339.37
1505.00	1333.23
1506.00	1327.08
1507.00	1292.27
1508.00	1290.22
1509.00	1296.36
1510.00	1288.17
1511.00	1308.65
1512.00	1290.22
1513.00	1279.98
1514.00	1337.32
1515.00	1292.27
1516.00	1275.88
1517.00	1277.93
1518.00	1322.99
1519.00	1292.27
1520.00	1359.85
1521.00	1277.93
1522.00	1253.36
1523.00	1277.93
1524.00	1325.04
1525.00	1304.56
1526.00	1322.99
1527.00	1251.31
1528.00	1331.18
1529.00	1359.85
1530.00	1277.93
1531.00	1249.26
1532.00	1308.65
1533.00	1347.56
1534.00	1314.80
1535.00	1286.12
1536.00	1265.64
1537.00	1236.97
1538.00	1300.46
1539.00	1222.64
1540.00	1353.71
1541.00	1269.74
1542.00	1327.08
1543.00	1298.41
1544.00	1292.27
1545.00	1304.56
1546.00	1259.50
1547.00	1277.93
1548.00	1259.50
1549.00	1337.32
1550.00	1239.02
1551.00	1300.46
1552.00	1308.65
1553.00	1347.56
1554.00	1318.89
1555.00	1308.65
1556.00	1269.74
1557.00	1265.64
1558.00	1300.46
1559.00	1251.31
1560.00	1374.19
1561.00	1359.85
1562.00	1331.18
1563.00	1302.51
1564.00	1335.28
1565.00	1343.47
1566.00	1261.55
1567.00	1294.32
1568.00	1263.60
1569.00	1277.93
1570.00	1314.80
1571.00	1288.17
1572.00	1314.80
1573.00	1290.22
1574.00	1284.08
1575.00	1353.71
1576.00	1271.79
1577.00	1288.17
1578.00	1255.40
1579.00	1265.64
1580.00	1341.42
1581.00	1286.12
1582.00	1411.05
1583.00	1327.08
1584.00	1288.17
1585.00	1263.60
1586.00	1279.98
1587.00	1322.99
1588.00	1279.98
1589.00	1322.99
1590.00	1259.50
1591.00	1339.37
1592.00	1333.23
1593.00	1255.40
1594.00	1331.18
1595.00	1230.83
1596.00	1312.75
1597.00	1249.26
1598.00	1310.70
1599.00	1224.69
1600.00	1290.22
1601.00	1296.36
1602.00	1282.03
1603.00	1265.64
1604.00	1322.99
1605.00	1275.88
1606.00	1337.32
1607.00	1337.32
1608.00	1253.36
1609.00	1339.37
1610.00	1271.79
1611.00	1325.04
1612.00	1320.94
1613.00	1265.64
1614.00	1310.70
1615.00	1314.80
1616.00	1314.80
1617.00	1314.80
1618.00	1257.45
1619.00	1271.79
1620.00	1361.90
1621.00	1269.74
1622.00	1341.42
1623.00	1294.32
1624.00	1259.50
1625.00	1333.23
1626.00	1263.60
1627.00	1308.65
1628.00	1322.99
1629.00	1329.13
1630.00	1366.00
1631.00	1273.84
1632.00	1314.80
1633.00	1257.45
1634.00	1259.50
1635.00	1239.02
1636.00	1345.52
1637.00	1241.07
1638.00	1337.32
1639.00	1302.51
1640.00	1302.51
1641.00	1357.80
1642.00	1355.76
1643.00	1282.03
1644.00	1327.08
1645.00	1288.17
1646.00	1277.93
1647.00	1292.27
1648.00	1374.19
1649.00	1308.65
1650.00	1261.55
1651.00	1302.51
1652.00	1335.28
1653.00	1259.50
1654.00	1337.32
1655.00	1302.51
1656.00	1261.55
1657.00	1265.64
1658.00	1310.70
1659.00	1259.50
1660.00	1236.97
1661.00	1200.11
1662.00	1335.28
1663.00	1273.84
1664.00	1298.41
1665.00	1310.70
1666.00	1294.32
1667.00	1284.08
1668.00	1245.16
1669.00	1306.60
1670.00	1290.22
1671.00	1337.32
1672.00	1310.70
1673.00	1265.64
1674.00	1331.18
1675.00	1298.41
1676.00	1282.03
1677.00	1341.42
1678.00	1296.36
1679.00	1290.22
1680.00	1314.80
1681.00	1345.52
1682.00	1282.03
1683.00	1239.02
1684.00	1312.75
1685.00	1316.84
1686.00	1273.84
1687.00	1325.04
1688.00	1282.03
1689.00	1292.27
1690.00	1294.32
1691.00	1269.74
1692.00	1269.74
1693.00	1277.93
1694.00	1374.19
1695.00	1363.95
1696.00	1292.27
1697.00	1333.23
1698.00	1343.47
1699.00	1265.64
1700.00	1308.65
1701.00	1347.56
1702.00	1304.56
1703.00	1343.47
1704.00	1284.08
1705.00	1343.47
1706.00	1286.12
1707.00	1347.56
1708.00	1286.12
1709.00	1302.51
1710.00	1286.12
1711.00	1257.45
1712.00	1380.33
1713.00	1277.93
1714.00	1327.08
1715.00	1339.37
1716.00	1267.69
1717.00	1263.60
1718.00	1277.93
1719.00	1273.84
1720.00	1234.93
1721.00	1331.18
1722.00	1335.28
1723.00	1318.89
1724.00	1290.22
1725.00	1312.75
1726.00	1318.89
1727.00	1316.84
1728.00	1277.93
1729.00	1327.08
1730.00	1265.64
1731.00	1331.18
1732.00	1286.12
1733.00	1322.99
1734.00	1269.74
1735.00	1353.71
1736.00	1316.84
1737.00	1300.46
1738.00	1345.52
1739.00	1267.69
1740.00	1376.24
1741.00	1302.51
1742.00	1359.85
1743.00	1409.00
1744.00	1376.24
1745.00	1382.38
1746.00	1396.71
1747.00	1374.19
1748.00	1355.76
1749.00	1349.61
1750.00	1384.43
1751.00	1429.48
1752.00	1454.06
1753.00	1435.63
1754.00	1382.38
1755.00	1335.28
1756.00	1329.13
1757.00	1368.04
1758.00	1458.15
1759.00	1996.77
1760.00	3567.56
1761.00	5719.98
1762.00	8048.52
1763.00	10381.15
1764.00	12379.97
1765.00	13291.32
1766.00	12732.22
1767.00	11902.79
1768.00	10266.47
1769.00	9291.63
1770.00	8173.44
1771.00	7413.65
1772.00	6219.68
1773.00	5105.59
1774.00	4030.40
1775.00	3241.93
1776.00	2815.96
1777.00	2420.70
1778.00	2138.08
1779.00	1888.23
1780.00	1746.92
1781.00	1531.88
1782.00	1550.31
1783.00	1492.97
1784.00	1427.43
1785.00	1355.76
1786.00	1394.67
1787.00	1363.95
1788.00	1366.00
1789.00	1396.71
1790.00	1357.80
1791.00	1314.80
1792.00	1337.32
1793.00	1314.80
1794.00	1363.95
1795.00	1353.71
1796.00	1392.62
1797.00	1339.37
1798.00	1333.23
1799.00	1294.32
1800.00	1382.38
1801.00	1386.47
1802.00	1269.74
1803.00	1273.84
1804.00	1394.67
1805.00	1308.65
1806.00	1318.89
1807.00	1386.47
1808.00	1374.19
1809.00	1331.18
1810.00	1308.65
1811.00	1351.66
1812.00	1341.42
1813.00	1277.93
1814.00	1296.36
1815.00	1314.80
1816.00	1347.56
1817.00	1292.27
1818.00	1308.65
1819.00	1271.79
1820.00	1325.04
1821.00	1279.98
1822.00	1312.75
1823.00	1290.22
1824.00	1306.60
1825.00	1345.52
1826.00	1310.70
1827.00	1306.60
1828.00	1325.04
1829.00	1265.64
1830.00	1306.60
1831.00	1331.18
1832.00	1298.41
1833.00	1290.22
1834.00	1271.79
1835.00	1316.84
1836.00	1335.28
1837.00	1368.04
1838.00	1310.70
1839.00	1314.80
1840.00	1292.27
1841.00	1331.18
1842.00	1361.90
1843.00	1267.69
1844.00	1259.50
1845.00	1300.46
1846.00	1300.46
1847.00	1273.84
1848.00	1322.99
1849.00	1308.65
1850.00	1339.37
1851.00	1310.70
1852.00	1331.18
1853.00	1279.98
1854.00	1300.46
1855.00	1290.22
1856.00	1322.99
1857.00	1327.08
1858.00	1292.27
1859.00	1363.95
1860.00	1302.51
1861.00	1261.55
1862.00	1331.18
1863.00	1316.84
1864.00	1263.60
1865.00	1320.94
1866.00	1273.84
1867.00	1304.56
1868.00	1302.51
1869.00	1294.32
1870.00	1310.70
1871.00	1261.55
1872.00	1339.37
1873.00	1288.17
1874.00	1331.18
1875.00	1296.36
1876.00	1275.88
1877.00	1275.88
1878.00	1292.27
1879.00	1327.08
1880.00	1310.70
1881.00	1310.70
1882.00	1308.65
1883.00	1349.61
1884.00	1341.42
1885.00	1296.36
1886.00	1241.07
1887.00	1312.75
1888.00	1314.80
1889.00	1333.23
1890.00	1292.27
1891.00	1320.94
1892.00	1333.23
1893.00	1327.08
1894.00	1349.61
1895.00	1300.46
1896.00	1333.23
1897.00	1306.60
1898.00	1294.32
1899.00	1341.42
1900.00	1259.50
1901.00	1312.75
1902.00	1316.84
1903.00	1335.28
1904.00	1359.85
1905.00	1337.32
1906.00	1232.88
1907.00	1286.12
1908.00	1374.19
1909.00	1320.94
1910.00	1306.60
1911.00	1296.36
1912.00	1349.61
1913.00	1267.69
1914.00	1335.28
1915.00	1322.99
1916.00	1333.23
1917.00	1652.71
1918.00	1937.38
1919.00	2263.01
1920.00	2578.39
1921.00	2824.15
1922.00	2768.85
1923.00	2787.29
1924.00	2643.93
1925.00	2502.62
1926.00	2449.37
1927.00	2320.35
1928.00	2500.57
1929.00	2652.12
1930.00	2783.19
1931.00	3020.75
1932.00	3096.53
1933.00	3018.71
1934.00	2881.49
1935.00	2691.03
1936.00	2650.07
1937.00	2410.46
1938.00	2291.68
1939.00	2195.42
1940.00	2009.06
1941.00	1871.84
1942.00	1787.88
1943.00	1662.95
1944.00	1533.93
1945.00	1540.07
1946.00	1478.63
1947.00	1402.86
1948.00	1347.56
1949.00	1339.37
1950.00	1320.94
1951.00	1300.46
1952.00	1353.71
1953.00	1294.32
1954.00	1312.75
1955.00	1300.46
1956.00	1331.18
1957.00	1308.65
1958.00	1308.65
1959.00	1327.08
1960.00	1300.46
1961.00	1294.32
1962.00	1322.99
1963.00	1331.18
1964.00	1353.71
1965.00	1277.93
1966.00	1232.88
1967.00	1314.80
1968.00	1339.37
1969.00	1271.79
1970.00	1286.12
1971.00	1267.69
1972.00	1331.18
1973.00	1273.84
1974.00	1314.80
1975.00	1298.41
1976.00	1421.29
1977.00	1333.23
1978.00	1325.04
1979.00	1296.36
1980.00	1329.13
1981.00	1304.56
1982.00	1316.84
1983.00	1296.36
1984.00	1271.79
1985.00	1304.56
1986.00	1333.23
1987.00	1322.99
1988.00	1273.84
1989.00	1269.74
1990.00	1314.80
1991.00	1331.18
1992.00	1259.50
1993.00	1314.80
1994.00	1306.60
1995.00	1308.65
1996.00	1316.84
1997.00	1275.88
1998.00	1302.51
1999.00	1212.40
2000.00	1345.52
2001.00	1286.12
2002.00	1302.51
2003.00	1259.50
2004.00	1349.61
2005.00	1355.76
2006.00	1355.76
2007.00	1196.01
2008.00	1310.70
2009.00	1353.71
2010.00	1318.89
2011.00	1284.08
2012.00	1277.93
2013.00	1273.84
2014.00	1288.17
2015.00	1286.12
2016.00	1341.42
2017.00	1312.75
2018.00	1343.47
2019.00	1363.95
2020.00	1286.12
2021.00	1286.12
2022.00	1325.04
2023.00	1314.80
2024.00	1302.51
2025.00	1279.98
2026.00	1257.45
2027.00	1277.93
2028.00	1245.16
2029.00	1341.42
2030.00	1288.17
2031.00	1306.60
2032.00	1318.89
2033.00	1392.62
2034.00	1294.32
2035.00	1302.51
2036.00	1290.22
2037.00	1366.00
2038.00	1261.55
2039.00	1302.51
2040.00	1286.12
2041.00	1294.32
2042.00	1275.88
2043.00	1269.74
2044.00	1259.50
2045.00	1277.93
2046.00	1292.27
2047.00	1275.88
2048.00	1343.47
2049.00	1351.66
2050.00	1331.18
2051.00	1310.70
2052.00	1269.74
2053.00	1314.80
2054.00	1349.61
2055.00	1310.70
2056.00	1279.98
2057.00	1239.02
2058.00	1277.93
2059.00	1331.18
2060.00	1294.32
2061.00	1271.79
2062.00	1320.94
2063.00	1290.22
2064.00	1292.27
2065.00	1310.70
2066.00	1308.65
2067.00	1296.36
2068.00	1298.41
2069.00	1310.70
2070.00	1339.37
2071.00	1286.12
2072.00	1294.32
2073.00	1320.94
2074.00	1286.12
2075.00	1267.69
2076.00	1288.17
2077.00	1312.75
2078.00	1265.64
2079.00	1288.17
2080.00	1306.60
2081.00	1275.88
2082.00	1308.65
2083.00	1269.74
2084.00	1337.32
2085.00	1308.65
2086.00	1234.93
2087.00	1247.21
2088.00	1320.94
2089.00	1286.12
2090.00	1243.12
2091.00	1378.28
2092.00	1320.94
2093.00	1331.18
2094.00	1308.65
2095.00	1282.03
2096.00	1339.37
2097.00	1343.47
2098.00	1333.23
2099.00	1234.93
2100.00	1353.71
2101.00	1400.81
2102.00	1370.09
2103.00	1357.80
2104.00	1316.84
2105.00	1355.76
2106.00	1282.03
2107.00	1234.93
2108.00	1347.56
2109.00	1275.88
2110.00	1261.55
2111.00	1284.08
2112.00	1341.42
2113.00	1296.36
2114.00	1335.28
2115.00	1284.08
2116.00	1286.12
2117.00	1312.75
2118.00	1343.47
2119.00	1320.94
2120.00	1263.60
2121.00	1306.60
2122.00	1306.60
2123.00	1320.94
2124.00	1257.45
2125.00	1327.08
2126.00	1292.27
2127.00	1296.36
2128.00	1265.64
2129.00	1263.60
2130.00	1339.37
2131.00	1337.32
2132.00	1314.80
2133.00	1257.45
2134.00	1316.84
2135.00	1296.36
2136.00	1286.12
2137.00	1282.03
2138.00	1306.60
2139.00	1284.08
2140.00	1279.98
2141.00	1337.32
2142.00	1296.36
2143.00	1320.94
2144.00	1294.32
2145.00	1339.37
2146.00	1232.88
2147.00	1288.17
2148.00	1306.60
2149.00	1316.84
2150.00	1310.70
2151.00	1243.12
2152.00	1357.80
2153.00	1273.84
2154.00	1316.84
2155.00	1347.56
2156.00	1298.41
2157.00	1353.71
2158.00	1331.18
2159.00	1277.93
2160.00	1292.27
2161.00	1316.84
2162.00	1298.41
2163.00	1322.99
2164.00	1271.79
2165.00	1316.84
2166.00	1286.12
2167.00	1331.18
2168.00	1300.46
2169.00	1273.84
2170.00	1236.97
2171.00	1261.55
2172.00	1284.08
2173.00	1322.99
2174.00	1302.51
2175.00	1335.28
2176.00	1308.65
2177.00	1290.22
2178.00	1292.27
2179.00	1261.55
2180.00	1300.46
2181.00	1384.43
2182.00	1290.22
2183.00	1372.14
2184.00	1286.12
2185.00	1245.16
2186.00	1279.98
2187.00	1298.41
2188.00	1302.51
2189.00	1271.79
2190.00	1282.03
2191.00	1286.12
2192.00	1290.22
2193.00	1341.42
2194.00	1335.28
2195.00	1259.50
2196.00	1300.46
2197.00	1275.88
2198.00	1290.22
2199.00	1251.31
2200.00	1259.50
2201.00	1316.84
2202.00	1312.75
2203.00	1331.18
2204.00	1339.37
2205.00	1382.38
2206.00	1310.70
2207.00	1339.37
2208.00	1347.56
2209.00	1329.13
2210.00	1341.42
2211.00	1269.74
2212.00	1322.99
2213.00	1318.89
2214.00	1294.32
2215.00	1339.37
2216.00	1382.38
2217.00	1355.76
2218.00	1257.45
2219.00	1302.51
2220.00	1284.08
2221.00	1306.60
2222.00	1298.41
2223.00	1288.17
2224.00	1249.26
2225.00	1351.66
2226.00	1353.71
2227.00	1312.75
2228.00	1337.32
2229.00	1298.41
2230.00	1306.60
2231.00	1300.46
2232.00	1279.98
2233.00	1302.51
2234.00	1284.08
2235.00	1351.66
2236.00	1308.65
2237.00	1286.12
2238.00	1304.56
2239.00	1279.98
2240.00	1347.56
2241.00	1327.08
2242.00	1318.89
2243.00	1292.27
2244.00	1249.26
2245.00	1263.60
2246.00	1279.98
2247.00	1308.65
2248.00	1333.23
2249.00	1234.93
2250.00	1230.83
2251.00	1279.98
2252.00	1267.69
2253.00	1322.99
2254.00	1279.98
2255.00	1325.04
2256.00	1247.21
2257.00	1351.66
2258.00	1325.04
2259.00	1327.08
2260.00	1286.12
2261.00	1261.55
2262.00	1302.51
2263.00	1331.18
2264.00	1261.55
2265.00	1292.27
2266.00	1265.64
2267.00	1294.32
2268.00	1312.75
2269.00	1279.98
2270.00	1259.50
2271.00	1306.60
2272.00	1316.84
2273.00	1355.76
2274.00	1292.27
2275.00	1306.60
2276.00	1345.52
2277.00	1282.03
2278.00	1269.74
2279.00	1214.45
2280.00	1331.18
2281.00	1245.16
2282.00	1208.30
2283.00	1243.12
2284.00	1300.46
2285.00	1304.56
2286.00	1306.60
2287.00	1292.27
2288.00	1286.12
2289.00	1300.46
2290.00	1308.65
2291.00	1284.08
2292.00	1314.80
2293.00	1261.55
2294.00	1255.40
2295.00	1286.12
2296.00	1314.80
2297.00	1241.07
2298.00	1308.65
2299.00	1261.55
2300.00	1312.75
2301.00	1329.13
2302.00	1249.26
2303.00	1286.12
2304.00	1288.17
2305.00	1298.41
2306.00	1368.04
2307.00	1331.18
2308.00	1286.12
2309.00	1329.13
2310.00	1220.59
2311.00	1282.03
2312.00	1259.50
2313.00	1294.32
2314.00	1273.84
2315.00	1290.22
2316.00	1243.12
2317.00	1275.88
2318.00	1337.32
2319.00	1239.02
2320.00	1224.69
2321.00	1241.07
2322.00	1290.22
2323.00	1316.84
2324.00	1347.56
2325.00	1232.88
2326.00	1304.56
2327.00	1277.93
2328.00	1302.51
2329.00	1359.85
2330.00	1294.32
2331.00	1292.27
2332.00	1347.56
2333.00	1320.94
2334.00	1282.03
2335.00	1314.80
2336.00	1312.75
2337.00	1298.41
2338.00	1232.88
2339.00	1304.56
2340.00	1400.81
2341.00	1333.23
2342.00	1267.69
2343.00	1316.84
2344.00	1316.84
2345.00	1322.99
2346.00	1286.12
2347.00	1261.55
2348.00	1290.22
2349.00	1325.04
2350.00	1261.55
2351.00	1339.37
2352.00	1312.75
2353.00	1294.32
2354.00	1279.98
2355.00	1339.37
2356.00	1243.12
2357.00	1294.32
2358.00	1273.84
2359.00	1355.76
2360.00	1320.94
2361.00	1284.08
2362.00	1249.26
2363.00	1263.60
2364.00	1275.88
2365.00	1255.40
2366.00	1316.84
2367.00	1284.08
2368.00	1245.16
2369.00	1253.36
2370.00	1329.13
2371.00	1366.00
2372.00	1306.60
2373.00	1322.99
2374.00	1302.51
2375.00	1349.61
2376.00	1335.28
2377.00	1284.08
2378.00	1286.12
2379.00	1214.45
2380.00	1298.41
2381.00	1308.65
2382.00	1273.84
2383.00	1327.08
2384.00	1339.37
2385.00	1245.16
2386.00	1282.03
2387.00	1257.45
2388.00	1288.17
2389.00	1308.65
2390.00	1298.41
2391.00	1331.18
2392.00	1245.16
2393.00	1335.28
2394.00	1288.17
2395.00	1337.32
2396.00	1306.60
2397.00	1286.12
2398.00	1298.41
2399.00	1288.17
2400.00	1333.23
2401.00	1322.99
2402.00	1279.98
2403.00	1273.84
2404.00	1267.69
2405.00	1296.36
2406.00	1341.42
2407.00	1333.23
2408.00	1333.23
2409.00	1294.32
2410.00	1306.60
2411.00	1294.32
2412.00	1292.27
2413.00	1302.51
2414.00	1275.88
2415.00	1282.03
2416.00	1288.17
2417.00	1306.60
2418.00	1273.84
2419.00	1273.84
2420.00	1294.32
2421.00	1310.70
2422.00	1325.04
2423.00	1322.99
2424.00	1279.98
2425.00	1325.04
2426.00	1322.99
2427.00	1351.66
2428.00	1216.49
2429.00	1279.98
2430.00	1314.80
2431.00	1236.97
2432.00	1300.46
2433.00	1261.55
2434.00	1267.69
2435.00	1335.28
2436.00	1286.12
2437.00	1212.40
2438.00	1339.37
2439.00	1257.45
2440.00	1247.21
2441.00	1210.35
2442.00	1343.47
2443.00	1226.73
2444.00	1288.17
2445.00	1247.21
2446.00	1226.73
2447.00	1263.60
2448.00	1357.80
2449.00	1284.08
2450.00	1253.36
2451.00	1275.88
2452.00	1282.03
2453.00	1359.85
2454.00	1333.23
2455.00	1282.03
2456.00	1273.84
2457.00	1257.45
2458.00	1279.98
2459.00	1290.22
2460.00	1300.46
2461.00	1320.94
2462.00	1292.27
2463.00	1259.50
2464.00	1284.08
2465.00	1325.04
2466.00	1228.78
2467.00	1245.16
2468.00	1261.55
2469.00	1302.51
2470.00	1310.70
2471.00	1222.64
2472.00	1304.56
2473.00	1253.36
2474.00	1325.04
2475.00	1269.74
2476.00	1292.27
2477.00	1304.56
2478.00	1331.18
2479.00	1318.89
2480.00	1284.08
2481.00	1271.79
2482.00	1296.36
2483.00	1273.84
2484.00	1236.97
2485.00	1245.16
2486.00	1273.84
2487.00	1288.17
2488.00	1308.65
2489.00	1279.98
2490.00	1298.41
2491.00	1220.59
2492.00	1314.80
2493.00	1374.19
2494.00	1275.88
2495.00	1372.14
2496.00	1335.28
2497.00	1318.89
2498.00	1337.32
2499.00	1322.99
2500.00	1290.22
2501.00	1271.79
2502.00	1339.37
2503.00	1294.32
2504.00	1290.22
2505.00	1302.51
2506.00	1284.08
2507.00	1265.64
2508.00	1288.17
2509.00	1308.65
2510.00	1292.27
2511.00	1316.84
2512.00	1325.04
2513.00	1292.27
2514.00	1306.60
2515.00	1322.99
2516.00	1300.46
2517.00	1322.99
2518.00	1322.99
2519.00	1316.84
2520.00	1284.08
2521.00	1247.21
2522.00	1267.69
2523.00	1296.36
2524.00	1290.22
2525.00	1331.18
2526.00	1267.69
2527.00	1314.80
2528.00	1337.32
2529.00	1308.65
2530.00	1329.13
2531.00	1322.99
2532.00	1335.28
2533.00	1337.32
2534.00	1316.84
2535.00	1220.59
2536.00	1310.70
2537.00	1300.46
2538.00	1312.75
2539.00	1306.60
2540.00	1300.46
2541.00	1251.31
2542.00	1316.84
2543.00	1292.27
2544.00	1363.95
2545.00	1331.18
2546.00	1335.28
2547.00	1368.04
2548.00	1400.81
2549.00	1288.17
2550.00	1288.17
2551.00	1310.70
2552.00	1384.43
2553.00	1273.84
2554.00	1322.99
2555.00	1318.89
2556.00	1275.88
2557.00	1327.08
2558.00	1273.84
2559.00	1314.80
2560.00	1357.80
2561.00	1234.93
2562.00	1322.99
2563.00	1273.84
2564.00	1306.60
2565.00	1300.46
2566.00	1275.88
2567.00	1331.18
2568.00	1312.75
2569.00	1253.36
2570.00	1275.88
2571.00	1253.36
2572.00	1271.79
2573.00	1353.71
2574.00	1247.21
2575.00	1357.80
2576.00	1368.04
2577.00	1300.46
2578.00	1339.37
2579.00	1351.66
2580.00	1331.18
2581.00	1374.19
2582.00	1298.41
2583.00	1296.36
2584.00	1306.60
2585.00	1282.03
2586.00	1269.74
2587.00	1306.60
2588.00	1210.35
2589.00	1249.26
2590.00	1259.50
2591.00	1318.89
2592.00	1253.36
2593.00	1247.21
2594.00	1341.42
2595.00	1257.45
2596.00	1357.80
2597.00	1351.66
2598.00	1265.64
2599.00	1314.80
2600.00	1286.12
2601.00	1329.13
2602.00	1353.71
2603.00	1310.70
2604.00	1306.60
2605.00	1251.31
2606.00	1345.52
2607.00	1282.03
2608.00	1284.08
2609.00	1347.56
2610.00	1243.12
2611.00	1265.64
2612.00	1296.36
2613.00	1359.85
2614.00	1316.84
2615.00	1292.27
2616.00	1249.26
2617.00	1327.08
2618.00	1380.33
2619.00	1286.12
2620.00	1286.12
2621.00	1380.33
2622.00	1273.84
2623.00	1277.93
2624.00	1239.02
2625.00	1284.08
2626.00	1310.70
2627.00	1271.79
2628.00	1312.75
2629.00	1312.75
2630.00	1306.60
2631.00	1284.08
2632.00	1314.80
2633.00	1310.70
2634.00	1300.46
2635.00	1279.98
2636.00	1263.60
2637.00	1251.31
2638.00	1273.84
2639.00	1267.69
2640.00	1292.27
2641.00	1286.12
2642.00	1290.22
2643.00	1259.50
2644.00	1292.27
2645.00	1298.41
2646.00	1318.89
2647.00	1322.99
2648.00	1322.99
2649.00	1298.41
2650.00	1277.93
2651.00	1279.98
2652.00	1282.03
2653.00	1267.69
2654.00	1310.70
2655.00	1316.84
2656.00	1286.12
2657.00	1316.84
2658.00	1322.99
2659.00	1329.13
2660.00	1355.76
2661.00	1306.60
2662.00	1357.80
2663.00	1257.45
2664.00	1263.60
2665.00	1337.32
2666.00	1306.60
2667.00	1294.32
2668.00	1322.99
2669.00	1298.41
2670.00	1288.17
2671.00	1275.88
2672.00	1337.32
2673.00	1320.94
2674.00	1286.12
2675.00	1296.36
2676.00	1271.79
2677.00	1273.84
2678.00	1310.70
2679.00	1284.08
2680.00	1265.64
2681.00	1318.89
2682.00	1273.84
2683.00	1322.99
2684.00	1277.93
2685.00	1251.31
2686.00	1308.65
2687.00	1310.70
2688.00	1286.12
2689.00	1347.56
2690.00	1273.84
2691.00	1312.75
2692.00	1318.89
2693.00	1298.41
2694.00	1302.51
2695.00	1355.76
2696.00	1341.42
2697.00	1269.74
2698.00	1296.36
2699.00	1191.92
2700.00	1284.08
2701.00	1216.49
2702.00	1269.74
2703.00	1282.03
2704.00	1220.59
2705.00	1302.51
2706.00	1310.70
2707.00	1279.98
2708.00	1253.36
2709.00	1320.94
2710.00	1302.51
2711.00	1327.08
2712.00	1351.66
2713.00	1288.17
2714.00	1288.17
2715.00	1318.89
2716.00	1322.99
2717.00	1267.69
2718.00	1275.88
2719.00	1245.16
2720.00	1302.51
2721.00	1273.84
2722.00	1279.98
2723.00	1322.99
2724.00	1304.56
2725.00	1251.31
2726.00	1298.41
2727.00	1296.36
2728.00	1335.28
2729.00	1363.95
2730.00	1308.65
2731.00	1277.93
2732.00	1314.80
2733.00	1298.41
2734.00	1320.94
2735.00	1296.36
2736.00	1292.27
2737.00	1249.26
2738.00	1286.12
2739.00	1251.31
2740.00	1275.88
2741.00	1302.51
2742.00	1273.84
2743.00	1296.36
2744.00	1306.60
2745.00	1294.32
2746.00	1271.79
2747.00	1302.51
2748.00	1243.12
2749.00	1300.46
2750.00	1304.56
2751.00	1345.52
2752.00	1294.32
2753.00	1216.49
2754.00	1277.93
2755.00	1273.84
2756.00	1310.70
2757.00	1345.52
2758.00	1300.46
2759.00	1333.23
2760.00	1339.37
2761.00	1279.98
2762.00	1253.36
2763.00	1267.69
2764.00	1277.93
2765.00	1273.84
2766.00	1255.40
2767.00	1273.84
2768.00	1265.64
2769.00	1343.47
2770.00	1322.99
2771.00	1255.40
2772.00	1310.70
2773.00	1394.67
2774.00	1343.47
2775.00	1325.04
2776.00	1343.47
2777.00	1292.27
2778.00	1314.80
2779.00	1374.19
2780.00	1243.12
2781.00	1359.85
2782.00	1376.24
2783.00	1325.04
2784.00	1300.46
2785.00	1368.04
2786.00	1318.89
2787.00	1265.64
2788.00	1294.32
2789.00	1239.02
2790.00	1300.46
2791.00	1372.14
2792.00	1243.12
2793.00	1259.50
2794.00	1290.22
2795.00	1265.64
2796.00	1337.32
2797.00	1294.32
2798.00	1310.70
2799.00	1245.16
2800.00	1257.45
2801.00	1300.46
2802.00	1282.03
2803.00	1253.36
2804.00	1298.41
2805.00	1331.18
2806.00	1357.80
2807.00	1333.23
2808.00	1243.12
2809.00	1310.70
2810.00	1316.84
2811.00	1294.32
2812.00	1286.12
2813.00	1271.79
2814.00	1292.27
2815.00	1294.32
2816.00	1302.51
2817.00	1241.07
2818.00	1310.70
2819.00	1269.74
2820.00	1284.08
2821.00	1349.61
2822.00	1310.70
2823.00	1204.21
2824.00	1284.08
2825.00	1318.89
2826.00	1341.42
2827.00	1300.46
2828.00	1251.31
2829.00	1228.78
2830.00	1322.99
2831.00	1363.95
2832.00	1302.51
2833.00	1261.55
2834.00	1269.74
2835.00	1232.88
2836.00	1279.98
2837.00	1312.75
2838.00	1298.41
2839.00	1335.28
2840.00	1273.84
2841.00	1374.19
2842.00	1386.47
2843.00	1288.17
2844.00	1318.89
2845.00	1437.67
2846.00	1314.80
2847.00	1298.41
2848.00	1335.28
2849.00	1353.71
2850.00	1337.32
2851.00	1349.61
2852.00	1288.17
2853.00	1277.93
2854.00	1327.08
2855.00	1320.94
2856.00	1314.80
2857.00	1296.36
2858.00	1286.12
2859.00	1306.60
2860.00	1314.80
2861.00	1249.26
2862.00	1275.88
2863.00	1290.22
2864.00	1232.88
2865.00	1286.12
2866.00	1300.46
2867.00	1341.42
2868.00	1273.84
2869.00	1312.75
2870.00	1374.19
2871.00	1261.55
2872.00	1271.79
2873.00	1304.56
2874.00	1300.46
2875.00	1265.64
2876.00	1290.22
2877.00	1265.64
2878.00	1345.52
2879.00	1275.88
2880.00	1312.75
2881.00	1388.52
2882.00	1261.55
2883.00	1249.26
2884.00	1300.46
2885.00	1232.88
2886.00	1294.32
2887.00	1259.50
2888.00	1181.68
2889.00	1302.51
2890.00	1314.80
2891.00	1302.51
2892.00	1259.50
2893.00	1322.99
2894.00	1282.03
2895.00	1353.71
2896.00	1366.00
2897.00	1232.88
2898.00	1304.56
2899.00	1286.12
2900.00	1257.45
2901.00	1257.45
2902.00	1294.32
2903.00	1349.61
2904.00	1261.55
2905.00	1259.50
2906.00	1271.79
2907.00	1241.07
2908.00	1267.69
2909.00	1372.14
2910.00	1441.77
2911.00	1402.86
2912.00	1386.47
2913.00	1425.39
2914.00	1499.11
2915.00	1484.78
2916.00	1431.53
2917.00	1347.56
2918.00	1392.62
2919.00	1376.24
2920.00	1355.76
2921.00	1284.08
2922.00	1318.89
2923.00	1302.51
2924.00	1333.23
2925.00	1335.28
2926.00	1282.03
2927.00	1296.36
2928.00	1304.56
2929.00	1343.47
2930.00	1329.13
2931.00	1277.93
2932.00	1314.80
2933.00	1279.98
2934.00	1310.70
2935.00	1279.98
2936.00	1345.52
2937.00	1253.36
2938.00	1236.97
2939.00	1314.80
2940.00	1320.94
2941.00	1267.69
2942.00	1327.08
2943.00	1304.56
2944.00	1327.08
2945.00	1251.31
2946.00	1277.93
2947.00	1331.18
2948.00	1341.42
2949.00	1292.27
2950.00	1282.03
2951.00	1267.69
2952.00	1318.89
2953.00	1284.08
2954.00	1322.99
2955.00	1349.61
2956.00	1302.51
2957.00	1249.26
2958.00	1363.95
2959.00	1318.89
2960.00	1275.88
2961.00	1368.04
2962.00	1343.47
2963.00	1335.28
2964.00	1417.19
2965.00	1322.99
2966.00	1327.08
2967.00	1372.14
2968.00	1314.80
2969.00	1259.50
2970.00	1333.23
2971.00	1312.75
2972.00	1255.40
2973.00	1357.80
2974.00	1292.27
2975.00	1294.32
2976.00	1331.18
2977.00	1329.13
2978.00	1331.18
2979.00	1284.08
2980.00	1325.04
2981.00	1306.60
2982.00	1220.59
2983.00	1298.41
2984.00	1288.17
2985.00	1232.88
2986.00	1318.89
2987.00	1249.26
2988.00	1322.99
2989.00	1327.08
2990.00	1290.22
2991.00	1277.93
2992.00	1241.07
2993.00	1249.26
2994.00	1300.46
2995.00	1310.70
2996.00	1243.12
2997.00	1310.70
2998.00	1306.60
2999.00	1282.03
3000.00	1220.59
3001.00	1275.88
3002.00	1327.08
3003.00	1304.56
3004.00	1290.22
3005.00	1275.88
3006.00	1257.45
3007.00	1271.79
3008.00	1341.42
3009.00	1320.94
3010.00	1265.64
3011.00	1331.18
3012.00	1345.52
3013.00	1275.88
3014.00	1341.42
3015.00	1290.22
3016.00	1286.12
3017.00	1269.74
3018.00	1249.26
3019.00	1302.51
3020.00	1257.45
3021.00	1310.70
3022.00	1245.16
3023.00	1261.55
3024.00	1308.65
3025.00	1275.88
3026.00	1292.27
3027.00	1322.99
3028.00	1300.46
3029.00	1331.18
3030.00	1316.84
3031.00	1322.99
3032.00	1269.74
3033.00	1292.27
3034.00	1316.84
3035.00	1312.75
3036.00	1302.51
3037.00	1286.12
3038.00	1249.26
3039.00	1316.84
3040.00	1273.84
3041.00	1302.51
3042.00	1341.42
3043.00	1322.99
3044.00	1314.80
3045.00	1292.27
3046.00	1300.46
3047.00	1288.17
3048.00	1380.33
3049.00	1294.32
3050.00	1267.69
3051.00	1325.04
3052.00	1290.22
3053.00	1284.08
3054.00	1302.51
3055.00	1290.22
3056.00	1243.12
3057.00	1288.17
3058.00	1310.70
3059.00	1314.80
3060.00	1218.54
3061.00	1372.14
3062.00	1320.94
3063.00	1300.46
3064.00	1284.08
3065.00	1282.03
3066.00	1288.17
3067.00	1282.03
3068.00	1355.76
3069.00	1304.56
3070.00	1286.12
3071.00	1302.51
3072.00	1286.12
3073.00	1327.08
3074.00	1282.03
3075.00	1282.03
3076.00	1265.64
3077.00	1241.07
3078.00	1345.52
3079.00	1316.84
3080.00	1300.46
3081.00	1329.13
3082.00	1341.42
3083.00	1308.65
3084.00	1316.84
3085.00	1337.32
3086.00	1298.41
3087.00	1320.94
3088.00	1415.15
3089.00	1325.04
3090.00	1320.94
3091.00	1296.36
3092.00	1224.69
3093.00	1329.13
3094.00	1259.50
3095.00	1300.46
3096.00	1294.32
3097.00	1290.22
3098.00	1306.60
3099.00	1310.70
3100.00	1267.69
3101.00	1259.50
3102.00	1316.84
3103.00	1318.89
3104.00	1277.93
3105.00	1232.88
3106.00	1331.18
3107.00	1318.89
3108.00	1308.65
3109.00	1261.55
3110.00	1308.65
3111.00	1282.03
3112.00	1372.14
3113.00	1327.08
3114.00	1343.47
3115.00	1236.97
3116.00	1208.30
3117.00	1292.27
3118.00	1294.32
3119.00	1357.80
3120.00	1308.65
3121.00	1390.57
3122.00	1253.36
3123.00	1339.37
3124.00	1345.52
3125.00	1306.60
3126.00	1325.04
3127.00	1343.47
3128.00	1368.04
3129.00	1355.76
3130.00	1335.28
3131.00	1193.97
3132.00	1308.65
3133.00	1290.22
3134.00	1257.45
3135.00	1361.90
3136.00	1277.93
3137.00	1288.17
3138.00	1253.36
3139.00	1226.73
3140.00	1308.65
3141.00	1314.80
3142.00	1267.69
3143.00	1290.22
3144.00	1306.60
3145.00	1292.27
3146.00	1308.65
3147.00	1316.84
3148.00	1304.56
3149.00	1245.16
3150.00	1271.79
3151.00	1288.17
3152.00	1314.80
3153.00	1257.45
3154.00	1277.93
3155.00	1341.42
3156.00	1331.18
3157.00	1300.46
3158.00	1357.80
3159.00	1349.61
3160.00	1292.27
3161.00	1273.84
3162.00	1335.28
3163.00	1335.28
3164.00	1331.18
3165.00	1300.46
3166.00	1331.18
3167.00	1269.74
3168.00	1282.03
3169.00	1302.51
3170.00	1341.42
3171.00	1288.17
3172.00	1312.75
3173.00	1314.80
3174.00	1339.37
3175.00	1333.23
3176.00	1316.84
3177.00	1306.60
3178.00	1327.08
3179.00	1396.71
3180.00	1376.24
3181.00	1441.77
3182.00	1409.00
3183.00	1392.62
3184.00	1445.87
3185.00	1456.11
3186.00	1431.53
3187.00	1404.91
3188.00	1376.24
3189.00	1333.23
3190.00	1327.08
3191.00	1327.08
3192.00	1347.56
3193.00	1327.08
3194.00	1325.04
3195.00	1318.89
3196.00	1337.32
3197.00	1279.98
3198.00	1267.69
3199.00	1257.45
3200.00	1347.56
3201.00	1290.22
3202.00	1253.36
3203.00	1306.60
3204.00	1277.93
3205.00	1343.47
3206.00	1298.41
3207.00	1290.22
3208.00	1261.55
3209.00	1290.22
3210.00	1337.32
3211.00	1214.45
3212.00	1241.07
3213.00	1310.70
3214.00	1314.80
3215.00	1263.60
3216.00	1273.84
3217.00	1316.84
3218.00	1322.99
3219.00	1286.12
3220.00	1322.99
3221.00	1318.89
3222.00	1282.03
3223.00	1322.99
3224.00	1261.55
3225.00	1290.22
3226.00	1241.07
3227.00	1300.46
3228.00	1318.89
3229.00	1277.93
3230.00	1359.85
3231.00	1308.65
3232.00	1277.93
3233.00	1267.69
3234.00	1329.13
3235.00	1312.75
3236.00	1251.31
3237.00	1349.61
3238.00	1241.07
3239.00	1288.17
3240.00	1320.94
3241.00	1273.84
3242.00	1327.08
3243.00	1279.98
3244.00	1306.60
3245.00	1257.45
3246.00	1279.98
3247.00	1298.41
3248.00	1310.70
3249.00	1298.41
3250.00	1224.69
3251.00	1333.23
3252.00	1327.08
3253.00	1275.88
3254.00	1294.32
3255.00	1300.46
3256.00	1300.46
3257.00	1243.12
3258.00	1259.50
3259.00	1300.46
3260.00	1302.51
3261.00	1292.27
3262.00	1310.70
3263.00	1286.12
3264.00	1318.89
3265.00	1316.84
3266.00	1302.51
3267.00	1275.88
3268.00	1316.84
3269.00	1236.97
3270.00	1247.21
3271.00	1228.78
3272.00	1271.79
3273.00	1308.65
3274.00	1267.69
3275.00	1325.04
3276.00	1318.89
3277.00	1351.66
3278.00	1339.37
3279.00	1374.19
3280.00	1239.02
3281.00	1298.41
3282.00	1368.04
3283.00	1275.88
3284.00	1308.65
3285.00	1353.71
3286.00	1292.27
3287.00	1322.99
3288.00	1327.08
3289.00	1286.12
3290.00	1288.17
3291.00	1257.45
3292.00	1370.09
3293.00	1277.93
3294.00	1347.56
3295.00	1255.40
3296.00	1322.99
3297.00	1292.27
3298.00	1292.27
3299.00	1318.89
3300.00	1331.18
3301.00	1331.18
3302.00	1288.17
3303.00	1363.95
3304.00	1288.17
3305.00	1234.93
3306.00	1366.00
3307.00	1339.37
3308.00	1282.03
3309.00	1290.22
3310.00	1251.31
3311.00	1277.93
3312.00	1279.98
3313.00	1302.51
3314.00	1284.08
3315.00	1271.79
3316.00	1325.04
3317.00	1312.75
3318.00	1267.69
3319.00	1255.40
3320.00	1282.03
3321.00	1322.99
3322.00	1325.04
3323.00	1298.41
3324.00	1273.84
3325.00	1290.22
3326.00	1298.41
3327.00	1257.45
3328.00	1294.32
3329.00	1259.50
3330.00	1331.18
3331.00	1292.27
3332.00	1236.97
3333.00	1269.74
3334.00	1308.65
3335.00	1349.61
3336.00	1257.45
3337.00	1353.71
3338.00	1292.27
3339.00	1253.36
3340.00	1339.37
3341.00	1247.21
3342.00	1335.28
3343.00	1286.12
3344.00	1316.84
3345.00	1298.41
3346.00	1343.47
3347.00	1292.27
3348.00	1286.12
3349.00	1275.88
3350.00	1218.54
3351.00	1259.50
3352.00	1255.40
3353.00	1257.45
3354.00	1343.47
3355.00	1386.47
3356.00	1329.13
3357.00	1282.03
3358.00	1411.05
3359.00	1335.28
3360.00	1363.95
3361.00	1282.03
3362.00	1329.13
3363.00	1341.42
3364.00	1310.70
3365.00	1349.61
3366.00	1322.99
3367.00	1298.41
3368.00	1318.89
3369.00	1353.71
3370.00	1327.08
3371.00	1347.56
3372.00	1275.88
3373.00	1222.64
3374.00	1314.80
3375.00	1318.89
3376.00	1351.66
3377.00	1304.56
3378.00	1355.76
3379.00	1335.28
3380.00	1216.49
3381.00	1294.32
3382.00	1347.56
3383.00	1290.22
3384.00	1300.46
3385.00	1265.64
3386.00	1318.89
3387.00	1271.79
3388.00	1333.23
3389.00	1271.79
3390.00	1290.22
3391.00	1284.08
3392.00	1267.69
3393.00	1320.94
3394.00	1304.56
3395.00	1329.13
3396.00	1314.80
3397.00	1284.08
3398.00	1312.75
3399.00	1314.80
3400.00	1355.76
3401.00	1298.41
3402.00	1265.64
3403.00	1335.28
3404.00	1294.32
3405.00	1241.07
3406.00	1249.26
3407.00	1333.23
3408.00	1339.37
3409.00	1290.22
3410.00	1284.08
3411.00	1277.93
3412.00	1257.45
3413.00	1294.32
3414.00	1306.60
3415.00	1314.80
3416.00	1355.76
3417.00	1302.51
3418.00	1331.18
3419.00	1253.36
3420.00	1310.70
3421.00	1349.61
3422.00	1273.84
3423.00	1267.69
3424.00	1265.64
3425.00	1294.32
3426.00	1349.61
3427.00	1316.84
3428.00	1333.23
3429.00	1212.40
3430.00	1265.64
3431.00	1279.98
3432.00	1294.32
3433.00	1275.88
3434.00	1255.40
3435.00	1363.95
3436.00	1300.46
3437.00	1286.12
3438.00	1286.12
3439.00	1265.64
3440.00	1249.26
3441.00	1290.22
3442.00	1320.94
3443.00	1284.08
3444.00	1306.60
3445.00	1284.08
3446.00	1302.51
3447.00	1239.02
3448.00	1259.50
3449.00	1318.89
3450.00	1263.60
3451.00	1335.28
3452.00	1335.28
3453.00	1316.84
3454.00	1290.22
3455.00	1267.69
3456.00	1339.37
3457.00	1277.93
3458.00	1292.27
3459.00	1232.88
3460.00	1294.32
3461.00	1294.32
3462.00	1267.69
3463.00	1325.04
3464.00	1234.93
3465.00	1316.84
3466.00	1267.69
3467.00	1300.46
3468.00	1251.31
3469.00	1271.79
3470.00	1294.32
3471.00	1327.08
3472.00	1322.99
3473.00	1277.93
3474.00	1275.88
3475.00	1310.70
3476.00	1294.32
3477.00	1327.08
3478.00	1333.23
3479.00	1294.32
3480.00	1273.84
3481.00	1253.36
3482.00	1275.88
3483.00	1325.04
3484.00	1298.41
3485.00	1261.55
3486.00	1325.04
3487.00	1253.36
3488.00	1286.12
3489.00	1308.65
3490.00	1302.51
3491.00	1288.17
3492.00	1302.51
3493.00	1329.13
3494.00	1290.22
3495.00	1345.52
3496.00	1322.99
3497.00	1372.14
3498.00	1290.22
3499.00	1355.76
3500.00	1300.46
3501.00	1308.65
3502.00	1218.54
3503.00	1277.93
3504.00	1345.52
3505.00	1351.66
3506.00	1275.88
3507.00	1275.88
3508.00	1306.60
3509.00	1249.26
3510.00	1325.04
3511.00	1275.88
3512.00	1320.94
3513.00	1234.93
3514.00	1308.65
3515.00	1331.18
3516.00	1331.18
3517.00	1284.08
3518.00	1269.74
3519.00	1294.32
3520.00	1271.79
3521.00	1284.08
3522.00	1277.93
3523.00	1267.69
3524.00	1292.27
3525.00	1298.41
3526.00	1306.60
3527.00	1341.42
3528.00	1368.04
3529.00	1316.84
3530.00	1290.22
3531.00	1263.60
3532.00	1308.65
3533.00	1282.03
3534.00	1286.12
3535.00	1320.94
3536.00	1316.84
3537.00	1355.76
3538.00	1331.18
3539.00	1318.89
3540.00	1331.18
3541.00	1286.12
3542.00	1277.93
3543.00	1300.46
3544.00	1261.55
3545.00	1261.55
3546.00	1282.03
3547.00	1275.88
3548.00	1181.68
3549.00	1263.60
3550.00	1327.08
3551.00	1337.32
3552.00	1263.60
3553.00	1298.41
3554.00	1292.27
3555.00	1257.45
3556.00	1279.98
3557.00	1265.64
3558.00	1286.12
3559.00	1320.94
3560.00	1277.93
3561.00	1322.99
3562.00	1392.62
3563.00	1257.45
3564.00	1300.46
3565.00	1335.28
3566.00	1298.41
3567.00	1318.89
3568.00	1302.51
3569.00	1261.55
3570.00	1275.88
3571.00	1277.93
3572.00	1265.64
3573.00	1325.04
3574.00	1314.80
3575.00	1312.75
3576.00	1277.93
3577.00	1318.89
3578.00	1312.75
3579.00	1329.13
3580.00	1318.89
3581.00	1306.60
3582.00	1335.28
3583.00	1290.22
3584.00	1273.84
3585.00	1314.80
3586.00	1294.32
3587.00	1275.88
3588.00	1308.65
3589.00	1329.13
3590.00	1372.14
3591.00	1239.02
3592.00	1351.66
3593.00	1306.60
3594.00	1304.56
3595.00	1304.56
3596.00	1294.32
3597.00	1355.76
3598.00	1267.69
3599.00	1347.56
3600.00	1279.98
3601.00	1361.90
3602.00	1294.32
3603.00	1290.22
3604.00	1277.93
3605.00	1245.16
3606.00	1296.36
3607.00	1347.56
3608.00	1277.93
3609.00	1282.03
3610.00	1261.55
3611.00	1331.18
3612.00	1347.56
3613.00	1282.03
3614.00	1251.31
3615.00	1331.18
3616.00	1300.46
3617.00	1312.75
3618.00	1304.56
3619.00	1304.56
3620.00	1251.31
3621.00	1306.60
3622.00	1322.99
3623.00	1296.36
3624.00	1286.12
3625.00	1251.31
3626.00	1294.32
3627.00	1310.70
3628.00	1347.56
3629.00	1312.75
3630.00	1269.74
3631.00	1314.80
3632.00	1253.36
3633.00	1329.13
3634.00	1308.65
3635.00	1251.31
3636.00	1296.36
3637.00	1312.75
3638.00	1337.32
3639.00	1259.50
3640.00	1271.79
3641.00	1322.99
3642.00	1308.65
3643.00	1255.40
3644.00	1245.16
3645.00	1275.88
3646.00	1296.36
3647.00	1335.28
